1 99.9 43 54 57 57 57 57 11224.60
1 99.9 42 54 56 57 57 57 11515.73
1 99.9 35 52 57 58 58 58 11364.51
10 99.9 39 55 56 57 57 57 17214.90
10 99.9 44 54 58 58 58 58 16987.54
10 99.9 42 54 57 58 58 58 17780.13
20 99.9 35 53 56 57 58 58 18400.83
20 99.9 42 57 58 58 58 58 18814.61
20 99.9 47 56 57 58 58 58 17753.15
50 99.9 47 56 56 57 57 58 18321.09
50 99.9 42 56 58 58 58 58 18802.60
50 99.9 43 56 58 58 58 58 19062.17
75 99.9 44 54 58 58 58 58 17187.59
75 99.9 40 56 58 58 58 58 17297.57
75 99.9 40 56 58 58 58 58 15785.97
100 99.9 41 56 58 58 58 58 14824.05
100 99.9 39 57 57 57 57 57 16446.29
100 99.9 42 58 58 58 58 58 15582.26
200 99.9 38 55 57 57 57 58 14781.10
200 99.9 42 57 57 57 58 58 14674.63
200 99.9 36 56 58 58 58 58 15341.83
500 99.9 40 55 57 57 57 58 15101.06
500 99.9 42 56 58 58 58 58 13862.88
500 99.9 40 57 58 58 58 58 14720.83
750 99.9 43 53 57 57 58 58 13161.77
750 99.9 43 56 58 58 58 58 13687.92
750 99.9 42 57 57 58 58 58 14053.42
1000 99.9 42 56 58 58 58 58 13706.16
1000 99.9 42 55 59 59 59 59 13819.46
1000 99.9 40 56 58 58 58 58 13410.66
2000 99.9 48 60 60 60 60 60 13949.61
2000 99.9 38 56 58 58 58 59 14105.64
2000 99.9 46 56 59 59 59 60 13906.26
5000 99.9 49 63 64 64 64 64 10220.04
5000 99.9 46 62 64 64 64 64 11722.10
5000 99.9 47 63 64 64 64 64 11665.42
7500 99.9 51 62 64 64 64 64 11079.68
7500 99.9 48 62 63 63 64 65 11505.60
7500 99.9 51 62 65 65 65 65 11001.02
10000 99.9 49 67 68 69 69 69 11511.40
10000 99.9 54 67 69 70 70 70 12193.22
10000 99.9 52 66 70 70 70 70 11605.15
20000 99.9 67 76 78 78 79 81 13906.64
20000 99.9 62 74 76 76 76 76 13407.87
20000 99.9 73 99 101 101 101 101 13674.41
50000 99.9 88 112 116 116 118 118 20115.31
50000 99.9 83 107 112 112 113 113 16717.39
50000 99.9 82 105 107 107 108 108 17317.67
75000 99.9 52 68 69 70 70 70 11724.29
75000 99.9 47 65 67 67 67 67 11336.17
75000 99.9 55 66 67 67 67 67 11073.99
100000 99.9 70 95 97 98 98 98 16158.21
100000 99.9 79 98 102 102 102 102 16815.19
100000 99.9 78 101 103 104 104 104 16239.29
