1 33.3 0 0 0 0 0 0 1135.14
1 33.3 0 0 0 0 0 0 1179.48
1 26.7 0 0 0 0 0 0 1177.37
10 33.3 0 0 0 0 0 0 2463.60
10 33.3 0 0 0 0 0 0 2425.49
10 37.5 0 0 0 0 0 0 2422.53
20 46.7 0 0 0 0 0 0 2874.90
20 40.0 0 0 0 0 0 0 3090.95
20 40.0 0 0 0 0 0 0 2816.85
50 50.0 0 0 0 0 0 1 3996.15
50 66.7 0 0 0 0 1 1 3936.13
50 40.0 0 0 0 0 0 0 3941.23
75 66.7 0 0 0 0 1 1 4021.61
75 37.5 0 0 0 0 0 0 3350.13
75 40.0 0 0 0 0 0 0 3862.34
100 40.0 0 0 0 0 0 0 4224.59
100 53.3 0 0 0 0 0 1 4572.73
100 46.7 0 0 0 0 0 0 4452.14
200 43.8 0 0 0 0 0 0 5424.48
200 73.3 0 0 0 1 1 1 5002.29
200 53.3 0 0 0 0 0 1 5347.84
500 46.7 0 0 0 0 0 0 5457.63
500 53.3 0 0 0 0 0 1 5281.14
500 99.9 1 1 1 1 2 4 5338.90
750 66.7 0 0 0 0 6 11 5799.42
750 60.0 0 0 0 0 3 8 5602.82
750 68.8 0 0 0 0 4 13 5887.85
1000 73.3 0 0 0 3 8 11 5880.39
1000 86.7 0 0 1 2 6 8 5785.37
1000 73.3 0 0 0 1 3 5 6025.27
2000 80.0 0 0 4 11 16 18 7102.85
2000 99.9 1 1 8 15 24 26 7323.68
2000 86.7 0 0 7 10 17 18 6795.10
5000 99.9 7 9 12 13 19 22 9624.56
5000 99.9 5 6 10 13 21 25 10625.27
5000 99.9 9 9 13 14 22 23 10005.77
7500 99.9 12 18 27 27 30 31 13685.75
7500 99.9 14 18 25 26 33 36 14272.95
7500 99.9 14 18 21 26 33 35 12814.89
10000 99.9 14 20 26 29 31 33 15801.22
10000 99.9 14 20 25 28 32 35 15287.50
10000 99.9 17 20 23 25 34 34 14514.44
20000 99.9 30 40 46 46 47 47 19990.31
20000 99.9 29 39 40 42 44 45 18149.20
20000 99.9 30 39 42 44 48 49 18703.47
50000 99.9 39 51 51 52 52 53 21185.03
50000 99.9 41 51 53 54 56 56 21787.56
50000 99.9 40 49 49 50 53 54 22079.85
75000 99.9 16 19 22 26 31 33 13676.85
75000 99.9 18 22 27 32 35 38 15918.20
75000 99.9 16 23 27 27 30 32 14828.88
100000 99.9 31 39 40 41 42 46 17938.82
100000 99.9 39 53 53 53 55 55 18234.58
100000 99.9 42 45 48 49 51 52 22636.72
