10 99.9 43 56 57 57 58 58 14073.10
10 99.9 39 52 58 58 58 58 14207.91
10 99.9 34 53 57 58 58 58 14284.68
20 99.9 30 53 58 58 58 58 14758.90
20 99.9 48 54 57 57 58 58 14485.70
20 99.9 36 53 57 57 57 57 14417.65
50 99.9 39 55 56 58 58 58 14268.47
50 99.9 38 54 57 57 58 58 14196.05
50 99.9 37 55 57 57 57 58 14166.94
75 99.9 42 56 57 58 58 58 13099.42
75 99.9 43 56 58 58 58 58 12746.33
75 99.9 35 55 57 58 58 58 12856.77
100 99.9 45 56 57 57 57 58 12569.66
100 99.9 41 57 57 58 58 58 12436.47
100 99.9 41 55 58 58 58 58 12826.49
200 99.9 43 56 58 58 58 58 12277.35
200 99.9 41 55 57 57 57 57 11791.52
200 99.9 39 56 57 57 58 58 11358.96
500 99.9 41 53 57 58 58 58 10854.20
500 99.9 40 56 58 58 58 58 10825.65
500 99.9 43 57 58 58 58 58 11412.00
750 99.9 39 53 58 58 58 58 10445.96
750 99.9 38 55 58 59 59 59 11268.25
750 99.9 44 57 58 58 58 58 11046.18
1000 99.9 45 59 59 59 59 59 10712.76
1000 99.9 46 58 58 58 58 58 10487.75
1000 99.9 44 58 59 59 59 59 10886.60
2000 99.9 39 55 59 59 59 59 10734.89
2000 99.9 46 58 58 59 59 59 10683.23
2000 99.9 40 57 59 59 59 59 10678.90
5000 99.9 51 66 67 67 67 67 10004.56
5000 99.9 45 61 65 66 66 66 8339.92
5000 99.9 45 64 64 64 64 64 9124.33
7500 99.9 48 66 69 69 69 69 8243.68
7500 99.9 53 66 72 72 73 73 9770.74
7500 99.9 55 66 67 67 67 67 9035.52
10000 99.9 59 74 76 77 77 77 10399.62
10000 99.9 55 74 76 76 76 76 10338.58
10000 99.9 63 74 76 76 76 76 10156.65
20000 99.9 83 98 99 100 100 101 13366.97
20000 99.9 74 96 97 97 99 99 13338.88
20000 99.9 66 92 94 95 95 95 11158.88
50000 99.9 101 138 139 139 140 140 16698.07
50000 99.9 107 141 145 145 145 145 16690.36
50000 99.9 85 114 117 119 120 121 16717.69
75000 99.9 58 72 72 72 73 73 9870.02
75000 99.9 59 77 78 78 78 78 9950.24
75000 99.9 58 73 74 74 74 74 9750.96
100000 99.9 81 106 111 111 113 115 14532.32
100000 99.9 81 110 112 113 114 114 14561.71
100000 99.9 83 109 111 111 111 111 14368.03
