1 53.3 0 0 0 0 0 7 3724.60
1 53.3 0 0 0 0 0 1 3167.70
1 53.3 0 0 0 0 0 5 3304.58
10 53.3 0 0 0 0 0 1 5759.19
10 50.0 0 0 0 0 0 1 6690.99
10 60.0 0 0 0 0 1 6 8007.07
20 53.3 0 0 0 0 0 1 7212.74
20 68.8 0 0 0 0 4 7 8503.73
20 60.0 0 0 0 0 1 3 7459.88
50 66.7 0 0 0 0 5 10 9969.10
50 66.7 0 0 0 0 13 21 11383.90
50 73.3 0 0 0 1 6 13 9739.29
75 73.3 0 0 0 1 4 8 9616.03
75 86.7 0 0 1 2 7 10 9518.24
75 66.7 0 0 0 0 5 9 10111.58
100 60.0 0 0 0 0 11 16 12629.91
100 80.0 0 0 2 2 5 17 12597.93
100 66.7 0 0 0 0 7 11 10282.64
200 66.7 0 0 0 0 15 25 14797.17
200 66.7 0 0 0 0 14 21 14588.27
200 93.8 0 1 1 1 9 23 14436.49
500 73.3 0 0 0 1 9 21 13334.61
500 73.3 0 0 0 1 8 18 13533.93
500 99.9 1 1 1 1 13 25 13546.79
750 66.7 0 0 0 0 5 17 13275.77
750 73.3 0 0 0 1 8 22 13461.57
750 73.3 0 0 0 1 8 21 13023.28
1000 66.7 0 0 0 0 8 17 12836.61
1000 73.3 0 0 0 1 17 26 13353.34
1000 73.3 0 0 0 2 22 26 12059.97
2000 86.7 0 0 7 18 25 27 13609.52
2000 99.9 1 1 10 19 28 30 13559.25
2000 86.7 0 0 8 15 23 28 13527.25
5000 99.9 5 10 13 15 17 19 15286.71
5000 99.9 9 13 15 16 21 25 14585.40
5000 99.9 7 12 16 23 32 40 15101.67
7500 99.9 9 20 22 24 24 30 16164.33
7500 99.9 18 23 27 31 35 36 18101.15
7500 99.9 13 20 23 26 28 34 17030.18
10000 99.9 18 26 32 34 36 40 15695.48
10000 99.9 14 18 26 28 31 32 17612.26
10000 99.9 18 24 28 30 32 35 20529.34
20000 99.9 29 37 41 43 45 45 24812.63
20000 99.9 36 44 47 49 49 50 20728.93
20000 99.9 36 41 44 45 47 48 23146.20
50000 99.9 38 50 53 54 54 54 25381.67
50000 99.9 35 51 54 55 55 55 25165.43
50000 99.9 36 49 53 53 53 55 23883.61
75000 99.9 19 22 28 32 36 39 18953.10
75000 99.9 23 29 31 33 34 34 18763.08
75000 99.9 19 28 35 37 44 45 20807.90
100000 99.9 39 48 48 48 49 50 20858.57
100000 99.9 34 47 48 48 50 52 22513.83
100000 99.9 34 47 48 49 51 52 22934.20
