1 40.0 0 0 0 0 0 0 1639.07
1 37.5 0 0 0 0 0 0 1651.23
1 40.0 0 0 0 0 0 0 1801.82
10 46.7 0 0 0 0 0 0 4379.59
10 50.0 0 0 0 0 0 1 3927.56
10 53.3 0 0 0 0 0 1 3910.33
20 53.3 0 0 0 0 0 1 5499.00
20 46.7 0 0 0 0 0 0 5553.20
20 53.3 0 0 0 0 0 1 4728.16
50 53.3 0 0 0 0 0 1 4979.36
50 53.3 0 0 0 0 0 3 5177.65
50 46.7 0 0 0 0 0 0 4649.95
75 46.7 0 0 0 0 0 0 6122.23
75 73.3 0 0 0 1 1 1 6117.41
75 46.7 0 0 0 0 0 0 6796.88
100 66.7 0 0 0 0 1 2 7077.50
100 46.7 0 0 0 0 0 0 6198.11
100 53.3 0 0 0 0 0 1 6996.37
200 46.7 0 0 0 0 0 0 7950.10
200 53.3 0 0 0 0 0 1 8307.35
200 53.3 0 0 0 0 0 2 8690.45
500 53.3 0 0 0 0 0 5 8505.59
500 60.0 0 0 0 0 1 2 7780.45
500 66.7 0 0 0 0 2 4 8222.03
750 60.0 0 0 0 0 3 8 8534.79
750 73.3 0 0 0 1 4 10 7958.85
750 56.2 0 0 0 0 0 13 8384.28
1000 80.0 0 0 1 1 7 13 8060.83
1000 80.0 0 0 1 4 9 15 7987.08
1000 73.3 0 0 0 3 7 12 8452.48
2000 86.7 0 0 7 17 23 24 8971.12
2000 87.5 0 0 8 14 18 24 8964.30
2000 86.7 0 0 5 12 19 22 9072.70
5000 99.9 7 8 11 11 13 14 10144.16
5000 99.9 7 8 9 12 19 21 11414.66
5000 99.9 10 12 13 17 21 26 10380.97
7500 99.9 13 18 21 22 24 26 11954.40
7500 99.9 11 19 22 25 28 31 13138.97
7500 99.9 13 21 25 26 27 27 12823.97
10000 99.9 16 22 25 26 30 33 16541.77
10000 99.9 16 20 24 25 25 26 13814.11
10000 99.9 13 22 33 37 40 42 18034.32
20000 99.9 27 37 43 45 47 48 21018.89
20000 99.9 25 37 38 39 43 45 18500.90
20000 99.9 33 38 39 39 42 43 20871.17
50000 99.9 34 44 47 48 49 49 22247.06
50000 99.9 45 55 56 56 56 56 23825.43
50000 99.9 35 46 53 53 54 54 24754.52
75000 99.9 17 25 26 29 30 32 15207.87
75000 99.9 12 20 27 29 33 34 15739.59
75000 99.9 16 23 26 27 30 32 15264.78
100000 99.9 33 47 48 48 49 49 19860.05
100000 99.9 35 46 48 48 50 52 22535.19
100000 99.9 32 45 46 46 48 49 22618.60
