1 99.9 42 50 57 57 58 58 6959.30
1 99.9 43 54 58 58 58 58 6917.78
1 99.9 37 56 58 58 58 58 7218.33
10 99.9 41 49 56 57 58 58 13385.11
10 99.9 42 56 58 58 58 58 13530.86
10 99.9 31 51 57 57 57 57 13543.00
20 99.9 42 54 56 57 58 58 14789.59
20 99.9 35 50 57 57 57 57 14571.48
20 99.9 41 53 56 57 57 57 14520.59
50 99.9 42 54 56 56 56 56 15065.44
50 99.9 41 56 57 57 57 57 15288.04
50 99.9 43 53 56 57 58 58 14711.19
75 99.9 51 57 57 57 57 57 14825.69
75 99.9 41 53 58 58 58 58 14547.61
75 99.9 42 54 57 57 58 58 14956.91
100 99.9 42 55 58 58 58 58 14314.51
100 99.9 39 55 58 58 58 58 13861.95
100 99.9 50 58 58 58 58 58 13973.05
200 99.9 42 55 57 58 58 58 12404.86
200 99.9 47 58 58 58 58 58 12980.51
200 99.9 43 55 57 57 58 58 12811.27
500 99.9 46 56 57 57 58 58 11878.41
500 99.9 47 56 58 58 58 58 11444.86
500 99.9 42 57 58 58 58 58 11593.98
750 99.9 49 57 58 58 58 58 11038.58
750 99.9 39 57 57 57 57 58 11724.76
750 99.9 46 58 58 58 58 58 10959.48
1000 99.9 49 58 58 58 58 58 10196.61
1000 99.9 44 57 58 58 58 58 11269.99
1000 99.9 36 55 56 57 57 57 11349.84
2000 99.9 44 56 58 58 58 58 10900.14
2000 99.9 41 52 57 58 58 58 10736.08
2000 99.9 48 57 59 59 59 59 11048.99
5000 99.9 44 59 59 59 59 59 10026.67
5000 99.9 46 58 60 60 60 60 10364.36
5000 99.9 39 59 60 60 61 61 10862.90
7500 99.9 45 62 62 62 62 62 9426.61
7500 99.9 48 62 63 63 63 63 10048.62
7500 99.9 46 57 60 60 60 60 8789.35
10000 99.9 50 66 68 68 68 68 9202.25
10000 99.9 52 61 61 61 61 61 10068.60
10000 99.9 53 66 67 67 67 67 10030.80
20000 99.9 50 69 72 73 73 73 10241.81
20000 99.9 58 73 74 74 75 75 11031.20
20000 99.9 56 69 71 71 71 71 10104.46
50000 99.9 74 100 101 101 102 102 13316.57
50000 99.9 75 95 97 97 98 100 14537.20
50000 99.9 74 98 99 99 99 99 13648.48
75000 99.9 50 63 64 64 64 64 9504.16
75000 99.9 48 61 62 62 62 62 10133.62
75000 99.9 52 65 65 65 65 65 11078.00
100000 99.9 79 102 105 105 105 106 11553.20
100000 99.9 58 83 84 84 84 84 12150.34
100000 99.9 64 87 89 89 89 89 11645.01
