10 40.0 0 0 0 0 0 0 3962.78
10 33.3 0 0 0 0 0 0 3962.84
10 40.0 0 0 0 0 0 0 3650.58
20 37.5 0 0 0 0 0 0 3796.39
20 40.0 0 0 0 0 0 0 3773.95
20 40.0 0 0 0 0 0 0 3650.45
50 46.7 0 0 0 0 0 0 4409.63
50 40.0 0 0 0 0 0 0 4393.39
50 46.7 0 0 0 0 0 0 4255.24
75 33.3 0 0 0 0 0 0 4229.24
75 46.7 0 0 0 0 0 0 4495.46
75 40.0 0 0 0 0 0 0 4171.15
100 40.0 0 0 0 0 0 0 4658.79
100 46.7 0 0 0 0 0 0 4596.33
100 40.0 0 0 0 0 0 0 4456.32
200 99.9 1 1 1 1 3 13 5891.51
200 66.7 0 0 0 0 1 7 5705.05
200 60.0 0 0 0 0 1 8 5705.97
500 99.9 1 5 10 10 15 18 8430.90
500 99.9 1 4 7 10 15 22 8027.63
500 93.3 0 1 4 7 14 18 7480.10
750 93.3 0 5 16 21 27 27 7867.43
750 93.3 0 1 3 3 7 9 8398.42
750 99.9 3 7 8 8 8 14 7697.12
1000 99.9 2 6 13 16 22 23 7998.65
1000 99.9 3 6 17 19 21 22 8755.18
1000 99.9 3 9 13 14 16 19 8622.49
2000 99.9 8 13 15 18 29 29 11813.11
2000 99.9 13 20 24 26 26 26 10143.70
2000 99.9 13 16 24 26 28 29 11222.49
5000 99.9 30 43 48 48 49 50 19258.42
5000 99.9 29 38 43 45 46 46 18800.00
5000 99.9 30 40 42 43 50 51 18208.09
7500 99.9 35 46 49 49 51 52 21965.58
7500 99.9 33 40 44 44 46 47 21060.70
7500 99.9 36 48 50 51 51 52 21371.15
10000 99.9 43 51 53 53 55 55 23126.11
10000 99.9 31 42 50 52 52 53 21447.78
10000 99.9 37 51 53 56 57 57 22191.96
20000 99.9 43 56 59 59 59 60 23285.66
20000 99.9 37 50 53 53 54 54 17488.76
20000 99.9 47 55 57 58 58 58 21640.28
50000 99.9 58 71 74 74 74 74 27180.14
50000 99.9 54 64 65 66 66 66 24272.88
50000 99.9 54 67 69 69 69 69 26743.17
75000 99.9 40 50 52 53 54 55 20285.71
75000 99.9 37 50 52 52 53 53 23604.29
75000 99.9 42 51 52 52 55 55 22734.38
100000 99.9 53 63 66 67 67 67 24405.91
100000 99.9 50 61 62 62 62 63 23041.29
100000 99.9 51 64 65 65 65 65 24664.94
