1 86.7 0 0 9 21 56 56 11732.84
1 86.7 0 0 13 29 54 57 11815.76
1 93.3 0 1 24 49 56 57 12479.23
10 73.3 0 0 0 9 43 53 18990.24
10 80.0 0 0 1 7 29 47 17965.37
10 86.7 0 0 5 14 43 52 23102.79
20 86.7 0 0 4 16 54 57 26862.55
20 99.9 1 3 6 18 55 58 27333.54
20 80.0 0 0 3 13 41 56 22722.55
50 99.9 1 1 5 24 56 56 29586.73
50 93.3 0 8 13 24 56 57 31052.93
50 93.3 0 2 8 26 55 56 30226.97
75 73.3 0 0 0 4 42 55 23426.29
75 93.3 0 4 13 23 53 58 30897.16
75 99.9 2 3 8 22 52 57 29313.28
100 93.3 0 1 9 20 51 54 29911.93
100 93.3 0 1 8 25 53 57 29865.89
100 86.7 0 0 4 20 52 58 30019.62
200 93.3 0 1 3 11 44 56 28304.31
200 86.7 0 0 5 17 57 58 28940.73
200 99.9 2 2 10 24 48 56 29823.99
500 99.9 1 4 18 33 52 56 28622.17
500 99.9 1 4 14 36 51 56 29912.04
500 99.9 4 5 13 25 49 57 28625.79
750 86.7 0 0 11 28 55 58 25017.63
750 93.3 0 1 13 29 52 56 26704.46
750 99.9 1 3 12 22 49 56 25519.48
1000 93.3 0 3 16 35 51 58 25342.38
1000 99.9 1 2 8 23 51 57 25516.57
1000 99.9 1 1 10 20 52 58 25374.20
2000 99.9 2 4 23 37 54 58 24398.01
2000 99.9 3 6 31 44 55 56 26176.45
2000 93.3 0 1 15 24 51 58 23853.00
5000 99.9 13 20 33 37 43 48 24086.04
5000 99.9 14 23 37 39 46 48 26671.70
5000 99.9 11 21 33 38 42 44 24467.13
7500 99.9 28 30 36 38 43 45 24130.01
7500 99.9 32 41 45 46 52 55 29700.44
7500 99.9 18 29 31 34 38 43 24310.62
10000 99.9 27 33 39 40 42 45 25446.85
10000 99.9 33 45 45 47 48 49 25839.78
10000 99.9 23 27 31 33 42 45 25240.35
20000 99.9 33 47 48 48 51 52 28339.66
20000 99.9 31 39 44 45 45 48 27141.98
20000 99.9 31 43 48 49 50 50 25799.92
50000 99.9 49 55 56 58 58 58 29200.85
50000 99.9 44 54 56 56 57 57 28135.45
50000 99.9 31 47 51 51 51 52 25031.35
75000 99.9 24 37 40 42 46 46 24823.84
75000 99.9 24 27 34 36 41 44 24210.17
75000 99.9 22 27 35 38 44 45 24209.13
100000 99.9 30 42 48 49 49 49 23180.19
100000 99.9 33 45 50 50 52 52 28472.83
100000 99.9 30 44 46 47 47 47 25179.41
