10 99.9 2 32 56 56 56 56 39457.52
10 99.9 4 26 55 58 58 58 38359.27
10 99.9 3 26 56 57 58 58 38588.00
20 99.9 4 22 57 57 57 57 42306.32
20 99.9 2 38 58 58 58 58 42414.88
20 99.9 2 4 28 46 57 57 32802.96
50 99.9 3 14 56 57 57 57 43019.25
50 99.9 3 25 58 58 58 58 43067.32
50 93.8 0 7 50 56 58 58 41106.21
75 99.9 1 21 56 57 57 57 43511.17
75 93.3 0 21 55 57 57 58 44115.98
75 99.9 1 18 58 58 58 58 45898.38
100 99.9 1 18 55 57 57 57 44407.12
100 99.9 3 22 54 56 56 56 43274.67
100 99.9 5 21 58 58 58 58 43856.38
200 99.9 7 32 55 56 57 57 46744.04
200 99.9 5 34 57 57 58 58 46380.75
200 99.9 8 27 55 57 57 57 46567.22
500 99.9 11 29 57 58 58 58 44246.62
500 99.9 10 33 53 56 56 56 44928.34
500 99.9 8 36 58 58 58 58 42951.28
750 99.9 23 45 56 57 58 58 40789.60
750 99.9 22 49 57 57 57 57 42937.80
750 99.9 24 47 57 57 57 57 44412.11
1000 99.9 15 48 57 57 58 58 40486.79
1000 99.9 17 43 57 57 57 57 39073.54
1000 99.9 32 48 58 58 58 58 42360.26
2000 99.9 35 52 58 58 58 58 38176.39
2000 99.9 16 30 48 52 57 58 31908.93
2000 99.9 38 53 57 57 57 58 38007.96
5000 99.9 36 45 53 54 55 58 30763.93
5000 99.9 35 53 58 58 58 58 33146.68
5000 99.9 38 47 57 58 58 58 31848.22
7500 99.9 36 50 57 58 58 58 28907.37
7500 99.9 35 42 54 57 57 58 32070.83
7500 99.9 38 46 53 56 57 57 33457.22
10000 99.9 38 50 57 57 57 57 32326.72
10000 99.9 44 48 52 53 58 58 31617.33
10000 99.9 35 47 51 53 57 58 32497.22
20000 99.9 46 57 59 59 59 59 31228.23
20000 99.9 43 55 57 57 57 58 31679.85
20000 99.9 42 51 53 55 57 58 32117.02
50000 99.9 42 58 60 60 60 60 31513.85
50000 99.9 45 56 58 58 58 59 26271.88
50000 99.9 42 54 58 58 58 58 31490.42
75000 99.9 40 46 48 51 58 58 32782.56
75000 99.9 38 52 56 58 58 58 33139.39
75000 99.9 45 57 57 57 57 57 33820.25
100000 99.9 40 52 55 57 58 58 30284.78
100000 99.9 41 56 59 59 59 59 30961.24
100000 99.9 41 58 59 59 59 59 29493.60
