10 60.0 0 0 0 0 1 8 10527.16
10 60.0 0 0 0 0 2 8 10498.55
10 60.0 0 0 0 0 1 8 10717.84
20 60.0 0 0 0 0 1 5 9733.53
20 53.3 0 0 0 0 0 5 9872.78
20 53.3 0 0 0 0 0 2 9028.08
50 86.7 0 0 1 1 1 3 10005.68
50 53.3 0 0 0 0 0 4 10326.98
50 60.0 0 0 0 0 2 7 9397.44
75 60.0 0 0 0 0 1 3 9798.54
75 86.7 0 0 1 2 9 15 10984.52
75 60.0 0 0 0 0 2 5 10630.62
100 60.0 0 0 0 0 2 4 11428.06
100 60.0 0 0 0 0 3 8 11437.38
100 66.7 0 0 0 0 3 13 11669.36
200 99.9 1 1 3 3 7 24 13627.65
200 73.3 0 0 0 1 6 16 13575.21
200 73.3 0 0 0 2 10 19 13651.06
500 93.3 0 2 10 16 25 30 15806.28
500 93.3 0 2 11 18 29 31 16666.89
500 99.9 1 3 20 24 35 40 16315.03
750 93.3 0 4 19 22 28 35 15727.75
750 93.3 0 9 22 24 33 35 16332.05
750 99.9 2 7 26 28 33 34 15609.75
1000 99.9 1 10 24 27 29 31 16468.42
1000 99.9 1 6 22 23 30 35 15340.99
1000 99.9 3 10 22 23 29 34 16084.76
2000 99.9 10 15 22 26 29 29 16956.01
2000 99.9 17 23 28 30 33 34 16229.77
2000 99.9 14 21 26 29 32 32 16037.63
5000 99.9 30 41 45 46 51 53 24807.17
5000 99.9 35 44 47 47 48 48 23915.54
5000 99.9 28 39 41 42 45 46 23812.94
7500 99.9 40 47 53 53 55 55 23947.83
7500 99.9 34 42 44 45 47 48 21599.86
7500 99.9 39 52 55 55 55 56 24688.47
10000 99.9 30 44 46 47 49 49 24711.52
10000 99.9 33 42 46 47 51 52 25913.63
10000 99.9 38 50 53 53 53 53 22899.44
20000 99.9 46 57 59 59 60 61 26285.17
20000 99.9 45 57 57 57 57 58 24419.67
20000 99.9 47 58 59 59 59 59 25454.43
50000 99.9 52 70 70 70 70 70 28792.00
50000 99.9 58 67 67 67 70 71 29341.47
50000 99.9 52 64 67 67 67 67 25444.36
75000 99.9 33 48 50 51 55 55 25714.99
75000 99.9 34 46 47 47 48 50 23382.19
75000 99.9 44 52 55 55 55 55 23989.85
100000 99.9 44 64 66 66 66 66 23396.23
100000 99.9 52 63 65 65 65 65 21662.70
100000 99.9 50 61 62 62 62 62 23748.90
