1 46.7 0 0 0 0 0 0 3385.48
1 46.7 0 0 0 0 0 0 3157.50
1 46.7 0 0 0 0 0 0 3551.98
10 46.7 0 0 0 0 0 0 5654.69
10 66.7 0 0 0 0 1 1 5911.04
10 40.0 0 0 0 0 0 0 5752.31
20 60.0 0 0 0 0 1 2 5154.43
20 53.3 0 0 0 0 0 1 5191.90
20 40.0 0 0 0 0 0 0 5590.50
50 53.3 0 0 0 0 0 2 6090.62
50 46.7 0 0 0 0 0 0 6286.41
50 46.7 0 0 0 0 0 0 5840.01
75 60.0 0 0 0 0 1 1 6016.80
75 46.7 0 0 0 0 0 0 6036.60
75 46.7 0 0 0 0 0 0 6043.27
100 60.0 0 0 0 0 1 3 7462.84
100 40.0 0 0 0 0 0 0 6808.04
100 40.0 0 0 0 0 0 0 6656.45
200 60.0 0 0 0 0 1 8 8567.44
200 73.3 0 0 0 1 6 16 8421.68
200 80.0 0 0 1 1 9 19 8346.95
500 99.9 1 3 15 19 21 25 11668.86
500 99.9 1 3 9 13 22 26 11268.49
500 93.3 0 3 8 8 16 18 9677.22
750 99.9 1 10 19 21 22 25 10542.50
750 93.8 0 9 17 17 18 20 10582.29
750 99.9 1 9 21 25 28 29 10883.10
1000 99.9 9 12 19 19 21 25 10618.96
1000 99.9 11 16 33 33 36 40 10060.74
1000 99.9 1 10 18 21 25 30 10436.41
2000 99.9 9 13 19 27 30 30 11542.61
2000 99.9 2 10 17 20 25 27 13058.27
2000 99.9 10 19 24 31 32 32 13700.84
5000 99.9 23 33 35 37 44 46 21564.01
5000 99.9 21 29 34 36 40 42 17750.85
5000 99.9 26 37 38 41 45 46 18374.54
7500 99.9 31 40 43 44 46 49 23526.24
7500 99.9 37 45 49 49 51 52 23037.44
7500 99.9 39 44 49 49 53 53 24233.47
10000 99.9 34 45 49 51 52 53 21181.98
10000 99.9 32 45 48 48 52 52 23917.36
10000 99.9 46 55 56 56 56 57 23557.92
20000 99.9 41 55 57 58 58 59 24692.61
20000 99.9 42 57 58 58 59 59 24449.90
20000 99.9 42 56 57 58 58 59 25251.35
50000 99.9 43 57 59 59 59 61 24645.39
50000 99.9 51 68 69 69 69 69 27331.33
50000 99.9 50 62 64 66 66 66 28572.37
75000 99.9 39 50 53 53 54 54 22727.72
75000 99.9 33 49 50 51 51 52 21676.62
75000 99.9 39 53 55 55 56 56 23385.92
100000 99.9 44 64 64 64 64 64 25087.80
100000 99.9 55 66 67 67 67 67 22626.40
100000 99.9 54 61 62 62 63 63 22134.89
