10 99.9 59 87 95 95 95 95 26246.12
10 99.9 74 89 95 95 95 95 26279.37
10 99.9 74 91 95 95 95 95 25337.97
20 99.9 76 91 95 95 95 95 27505.43
20 99.9 72 93 96 96 96 96 27582.08
20 99.9 65 92 95 96 96 96 27762.65
30 99.9 78 95 95 95 95 95 28022.05
30 99.9 70 90 95 95 95 95 26735.29
30 99.9 79 94 95 95 95 95 29383.17
40 99.9 71 93 96 96 96 96 28971.10
40 99.9 67 93 95 95 95 95 28324.42
40 99.9 65 92 94 94 94 94 28093.47
50 99.9 61 90 95 95 96 96 28335.14
50 99.9 74 89 95 95 95 95 28405.15
50 99.9 67 91 95 95 96 96 28724.53
75 99.9 76 92 95 95 95 95 27406.35
75 99.9 68 92 95 95 96 96 28886.29
75 99.9 76 91 95 95 96 96 28089.11
100 99.9 65 92 95 95 95 95 27903.55
100 99.9 71 92 95 95 95 95 27985.09
100 99.9 67 92 95 95 95 95 27873.58
200 99.9 74 94 95 95 95 95 24373.97
200 99.9 73 94 96 96 96 96 25154.24
200 99.9 75 94 96 96 96 96 25452.92
400 99.9 65 93 96 96 96 96 21585.97
400 99.9 75 93 95 95 95 95 22393.96
400 99.9 66 96 96 96 96 96 22742.54
800 99.9 80 93 95 96 96 96 21550.31
800 99.9 73 94 96 96 96 96 20795.30
800 99.9 72 91 94 95 95 95 20427.63
1600 99.9 72 93 96 96 96 96 18416.10
1600 99.9 64 92 95 95 96 96 19114.98
1600 99.9 76 95 96 96 96 96 20301.54
3200 99.9 71 93 95 95 96 97 18616.99
3200 99.9 71 94 97 97 97 97 16815.69
3200 99.9 76 96 96 97 97 97 19071.31
