10 80.0 0 0 3 19 80 90 22299.44
10 99.9 1 1 5 14 82 93 22760.58
10 99.9 1 1 9 23 74 92 22967.91
20 93.3 0 1 10 31 86 93 26182.69
20 86.7 0 0 4 26 90 94 25611.63
20 86.7 0 0 5 15 60 86 21815.02
30 99.9 1 2 5 29 83 90 27097.47
30 86.7 0 0 6 18 90 95 27486.20
30 99.9 2 2 7 28 90 94 28046.65
40 86.7 0 0 5 9 75 96 25009.76
40 99.9 1 1 11 32 87 93 29303.53
40 99.9 2 2 5 24 88 94 28350.25
50 99.9 2 2 8 38 92 97 29386.85
50 93.3 0 1 5 26 90 95 27260.53
50 99.9 1 6 15 44 93 95 30661.10
75 93.3 0 1 7 33 85 94 28249.14
75 93.3 0 1 7 34 93 95 29114.64
75 99.9 1 2 9 26 77 95 27863.59
100 93.8 0 1 8 27 85 94 28854.86
100 75.0 0 0 0 16 72 94 26140.43
100 93.3 0 1 11 23 85 95 29534.25
200 99.9 1 1 6 35 83 95 29177.06
200 93.3 0 4 18 41 91 95 30747.49
200 93.3 0 2 12 40 86 93 30615.38
400 99.9 4 8 21 43 82 92 29828.51
400 99.9 6 10 25 49 89 96 29394.51
400 99.9 4 9 27 51 86 94 29390.74
800 87.5 0 0 23 50 88 93 25328.65
800 93.3 0 1 20 48 90 95 26396.04
800 99.9 1 2 27 54 88 95 26195.09
1600 99.9 2 3 44 66 92 95 25150.16
1600 87.5 0 0 16 38 73 94 23924.93
1600 86.7 0 0 14 37 80 92 23535.48
3200 99.9 3 10 36 54 83 92 24212.34
3200 99.9 6 21 42 55 89 94 24217.84
3200 99.9 12 26 48 58 87 95 25496.47
