10 60.0 0 0 0 0 1 1 3784.09
10 56.2 0 0 0 0 0 1 3724.95
10 40.0 0 0 0 0 0 0 3935.82
20 33.3 0 0 0 0 0 0 3887.68
20 43.8 0 0 0 0 0 0 3655.87
20 40.0 0 0 0 0 0 0 3815.61
30 33.3 0 0 0 0 0 0 3701.91
30 60.0 0 0 0 0 1 1 3702.16
30 40.0 0 0 0 0 0 0 3846.47
40 40.0 0 0 0 0 0 0 3915.63
40 53.3 0 0 0 0 0 1 3972.23
40 33.3 0 0 0 0 0 0 4049.14
50 40.0 0 0 0 0 0 0 3926.36
50 46.7 0 0 0 0 0 0 3910.83
50 40.0 0 0 0 0 0 0 3942.60
75 46.7 0 0 0 0 0 0 4190.00
75 43.8 0 0 0 0 0 0 4084.76
75 68.8 0 0 0 0 1 3 4273.36
100 53.3 0 0 0 0 0 1 4521.37
100 66.7 0 0 0 0 1 1 4740.01
100 50.0 0 0 0 0 0 1 4673.29
200 66.7 0 0 0 0 4 20 5623.74
200 99.9 1 1 1 1 7 20 6004.87
200 60.0 0 0 0 0 6 15 5732.88
400 99.9 1 1 4 7 21 24 7695.89
400 99.9 2 4 10 16 29 36 7789.10
400 99.9 1 2 6 10 19 25 8028.52
800 99.9 5 16 26 29 34 36 7705.48
800 99.9 4 17 25 29 33 35 7680.84
800 99.9 3 14 24 26 28 30 7537.33
1600 99.9 16 23 32 32 36 36 8990.60
1600 99.9 10 16 29 33 37 40 9408.73
1600 99.9 21 26 35 35 39 40 8947.83
3200 99.9 35 46 56 57 64 66 14576.64
3200 99.9 25 38 44 50 56 57 14719.06
3200 99.9 32 43 56 61 67 68 15730.13
