10 33.3 0 0 0 0 0 0 2415.88
10 33.3 0 0 0 0 0 0 2443.44
10 53.3 0 0 0 0 0 1 2367.05
20 46.7 0 0 0 0 0 0 2860.12
20 40.0 0 0 0 0 0 0 3150.57
20 40.0 0 0 0 0 0 0 3203.98
30 66.7 0 0 0 0 1 1 3448.76
30 46.7 0 0 0 0 0 0 3199.59
30 43.8 0 0 0 0 0 0 3409.07
40 62.5 0 0 0 0 1 1 3591.42
40 40.0 0 0 0 0 0 0 3648.87
40 46.7 0 0 0 0 0 0 4083.12
50 93.3 0 1 1 1 1 1 4084.91
50 46.7 0 0 0 0 0 0 3900.87
50 86.7 0 0 1 1 1 1 4248.99
75 40.0 0 0 0 0 0 0 4230.40
75 40.0 0 0 0 0 0 0 3731.59
75 53.3 0 0 0 0 0 2 3827.84
100 40.0 0 0 0 0 0 0 3903.00
100 46.7 0 0 0 0 0 0 4129.74
100 53.3 0 0 0 0 0 3 4112.82
200 80.0 0 0 1 1 1 1 5219.03
200 46.7 0 0 0 0 0 0 5391.31
200 53.3 0 0 0 0 0 1 5168.93
400 53.3 0 0 0 0 0 1 5319.72
400 40.0 0 0 0 0 0 0 5375.52
400 60.0 0 0 0 0 1 2 5425.33
800 93.3 0 1 1 2 13 20 5762.93
800 73.3 0 0 0 1 11 20 5641.40
800 86.7 0 0 1 3 13 19 5897.55
1600 93.3 0 1 8 18 28 33 6967.84
1600 87.5 0 0 9 11 21 25 6422.85
1600 87.5 0 0 5 10 16 25 6484.33
3200 99.9 8 11 19 22 33 39 8207.36
3200 99.9 2 9 17 21 35 36 7691.74
3200 99.9 4 8 12 16 28 30 7452.48
