10 53.3 0 0 0 0 0 1 4163.39
10 93.3 0 1 1 1 1 1 3568.73
10 73.3 0 0 0 1 2 2 3651.99
20 73.3 0 0 0 1 1 1 4968.05
20 99.9 1 1 1 1 2 2 5149.40
20 46.7 0 0 0 0 0 0 5641.43
30 46.7 0 0 0 0 0 0 4781.21
30 86.7 0 0 1 1 1 1 4716.80
30 56.2 0 0 0 0 0 2 5524.59
40 46.7 0 0 0 0 0 0 5068.34
40 46.7 0 0 0 0 0 0 5362.97
40 53.3 0 0 0 0 0 1 5226.37
50 46.7 0 0 0 0 0 0 5424.06
50 86.7 0 0 1 1 1 1 5171.76
50 46.7 0 0 0 0 0 0 6504.66
75 99.9 1 1 1 1 1 1 5908.02
75 66.7 0 0 0 0 1 1 6134.83
75 53.3 0 0 0 0 0 3 5915.60
100 46.7 0 0 0 0 0 0 5554.14
100 60.0 0 0 0 0 2 4 6370.60
100 53.3 0 0 0 0 0 1 6237.66
200 99.9 1 1 1 1 1 3 8330.11
200 80.0 0 0 1 1 1 3 7736.48
200 99.9 1 1 1 1 1 1 8214.67
400 86.7 0 0 1 1 1 2 7835.71
400 53.3 0 0 0 0 0 3 8410.59
400 53.3 0 0 0 0 0 2 8534.12
800 99.9 1 1 1 1 7 15 7961.22
800 66.7 0 0 0 0 9 22 8226.50
800 99.9 1 1 1 1 7 25 8124.84
1600 99.9 1 2 8 11 20 31 9046.51
1600 86.7 0 0 10 12 18 30 8953.82
1600 86.7 0 0 8 13 18 28 9209.65
3200 99.9 3 5 13 16 27 28 10022.05
3200 99.9 1 5 12 19 33 36 10125.60
3200 99.9 7 11 23 28 50 53 10936.94
