10 53.3 0 0 0 0 0 4 10052.44
10 73.3 0 0 0 1 1 6 10649.84
10 56.2 0 0 0 0 0 2 10193.29
20 53.3 0 0 0 0 0 3 9418.67
20 86.7 0 0 1 1 2 5 9866.63
20 93.8 0 1 1 1 1 4 10107.52
30 60.0 0 0 0 0 1 6 9089.02
30 53.3 0 0 0 0 0 2 9071.53
30 60.0 0 0 0 0 1 6 9643.37
40 66.7 0 0 0 0 3 6 9221.65
40 53.3 0 0 0 0 0 2 9134.49
40 93.3 0 1 1 1 1 4 9570.15
50 99.9 1 1 1 1 2 4 9813.25
50 60.0 0 0 0 0 1 2 9908.93
50 73.3 0 0 0 1 3 12 10102.96
75 66.7 0 0 0 0 2 4 10310.19
75 60.0 0 0 0 0 1 3 10332.19
75 99.9 1 1 1 1 4 6 9934.04
100 99.9 1 1 2 2 3 9 11351.90
100 60.0 0 0 0 0 2 14 11425.06
100 60.0 0 0 0 0 2 13 11787.57
200 73.3 0 0 0 1 8 23 14120.37
200 73.3 0 0 0 2 15 28 13878.26
200 68.8 0 0 0 0 6 13 13796.75
400 93.3 0 1 15 25 40 57 15283.83
400 93.8 0 3 12 20 39 50 15967.99
400 99.9 1 2 12 21 35 48 16313.46
800 99.9 1 15 37 42 54 59 15636.36
800 99.9 1 13 40 45 54 57 15328.21
800 99.9 5 21 41 48 55 60 14785.40
1600 99.9 25 33 60 66 73 76 15719.16
1600 99.9 27 39 67 68 69 71 15670.69
1600 99.9 15 28 44 47 50 51 15565.67
3200 99.9 29 37 43 44 50 53 16897.46
3200 99.9 37 46 53 54 62 65 18396.39
3200 99.9 37 48 52 54 60 60 18394.82
