10 60.0 0 0 0 0 1 11 10001.14
10 53.3 0 0 0 0 0 7 9668.88
10 80.0 0 0 1 1 1 5 9562.02
20 80.0 0 0 1 1 3 7 9827.30
20 99.9 1 1 2 2 4 7 9436.82
20 86.7 0 0 2 2 2 11 9839.31
30 62.5 0 0 0 0 3 3 9611.91
30 80.0 0 0 1 1 5 11 10761.75
30 60.0 0 0 0 0 4 15 11109.02
40 93.3 0 1 1 1 3 17 10430.26
40 73.3 0 0 0 1 3 20 11800.44
40 93.8 0 1 1 1 7 17 11451.11
50 66.7 0 0 0 0 16 31 13495.65
50 66.7 0 0 0 0 6 19 12465.64
50 66.7 0 0 0 0 6 18 11167.57
75 73.3 0 0 0 1 4 8 12148.42
75 80.0 0 0 1 1 7 9 11540.30
75 80.0 0 0 1 2 9 20 12879.76
100 66.7 0 0 0 0 6 16 13257.30
100 99.9 1 3 5 7 20 36 14327.45
100 68.8 0 0 0 0 14 24 14264.88
200 99.9 3 6 22 31 46 59 14950.10
200 99.9 1 3 23 30 50 61 15098.38
200 93.3 0 3 21 34 49 60 16207.28
400 99.9 7 19 38 45 61 66 19454.74
400 99.9 18 44 61 64 72 75 16623.89
400 99.9 18 28 44 50 59 61 17039.14
800 99.9 11 24 39 42 49 54 17583.95
800 99.9 24 42 62 63 68 68 16152.83
800 99.9 29 40 59 62 69 71 20514.94
1600 99.9 40 49 55 58 61 65 18904.49
1600 99.9 34 44 56 65 69 69 21270.71
1600 99.9 34 50 66 69 71 72 21516.80
3200 99.9 58 78 83 83 85 85 25456.72
3200 99.9 60 80 83 85 86 87 25569.67
3200 99.9 50 65 72 75 80 80 22241.62
