10 50.0 0 0 0 0 0 1 6421.66
10 62.5 0 0 0 0 2 4 6576.45
10 60.0 0 0 0 0 2 8 7027.96
20 60.0 0 0 0 0 2 6 7454.85
20 60.0 0 0 0 0 1 7 7044.32
20 60.0 0 0 0 0 1 3 7427.33
30 66.7 0 0 0 0 7 20 9628.01
30 60.0 0 0 0 0 1 13 8602.13
30 60.0 0 0 0 0 1 6 7210.62
40 60.0 0 0 0 0 7 20 9965.74
40 66.7 0 0 0 0 12 23 10288.92
40 66.7 0 0 0 0 7 19 9286.35
50 86.7 0 0 2 2 13 28 11811.03
50 66.7 0 0 0 0 13 32 13202.63
50 99.9 1 1 2 2 20 32 10665.93
75 60.0 0 0 0 0 3 10 8352.44
75 99.9 1 1 1 2 3 5 7660.48
75 66.7 0 0 0 0 4 11 8791.09
100 66.7 0 0 0 0 8 20 11510.32
100 66.7 0 0 0 0 15 33 12267.66
100 73.3 0 0 0 1 9 22 12068.47
200 66.7 0 0 0 0 15 27 13119.33
200 99.9 1 1 1 1 18 34 14471.76
200 66.7 0 0 0 0 15 37 14448.15
400 73.3 0 0 0 2 16 33 13799.68
400 99.9 1 1 1 1 23 40 14409.46
400 73.3 0 0 0 1 18 32 14287.17
800 73.3 0 0 0 2 14 32 12924.23
800 73.3 0 0 0 1 13 33 13062.06
800 80.0 0 0 1 2 14 32 12888.51
1600 93.3 0 1 11 17 29 44 12739.52
1600 99.9 1 1 18 19 31 45 13032.54
1600 86.7 0 0 13 16 33 45 12826.64
3200 99.9 2 8 18 31 52 53 15377.17
3200 99.9 3 7 17 31 51 52 15147.21
3200 99.9 3 8 26 34 50 51 13845.79
