10 46.7 0 0 0 0 0 0 5992.49
10 53.3 0 0 0 0 0 1 5629.03
10 66.7 0 0 0 0 1 1 5865.89
20 53.3 0 0 0 0 0 1 5578.01
20 53.3 0 0 0 0 0 1 5225.09
20 40.0 0 0 0 0 0 0 5440.25
30 46.7 0 0 0 0 0 0 5570.59
30 40.0 0 0 0 0 0 0 5403.18
30 46.7 0 0 0 0 0 0 5419.84
40 46.7 0 0 0 0 0 0 5737.01
40 60.0 0 0 0 0 2 2 5940.71
40 46.7 0 0 0 0 0 0 5950.29
50 99.9 1 1 1 1 1 1 5713.59
50 50.0 0 0 0 0 0 2 6210.71
50 53.3 0 0 0 0 0 1 6039.64
75 66.7 0 0 0 0 1 1 6582.70
75 53.3 0 0 0 0 0 1 6524.14
75 46.7 0 0 0 0 0 0 6511.82
100 53.3 0 0 0 0 0 2 7125.30
100 66.7 0 0 0 0 1 2 7127.86
100 66.7 0 0 0 0 2 3 7280.31
200 99.9 1 1 1 1 3 14 8053.41
200 60.0 0 0 0 0 1 7 8139.22
200 56.2 0 0 0 0 0 14 8085.16
400 99.9 1 2 10 12 24 35 10438.23
400 99.9 1 2 13 18 26 33 10738.13
400 93.3 0 2 11 15 32 43 11210.22
800 99.9 5 13 23 25 34 40 10819.18
800 99.9 1 10 26 29 31 36 10322.09
800 99.9 2 13 24 30 36 40 10717.54
1600 99.9 11 18 29 31 35 38 11037.60
1600 99.9 16 24 30 35 39 40 10803.67
1600 99.9 12 18 28 33 42 46 11313.76
3200 99.9 28 38 45 52 64 64 17350.63
3200 99.9 31 38 47 47 50 51 13407.73
3200 99.9 30 39 48 49 55 56 15119.11
