10 66.7 0 0 0 0 1 1 4049.01
10 80.0 0 0 1 1 1 1 4034.52
10 40.0 0 0 0 0 0 0 4015.66
20 43.8 0 0 0 0 0 0 4287.30
20 68.8 0 0 0 0 1 1 4420.52
20 40.0 0 0 0 0 0 0 3887.76
30 46.7 0 0 0 0 0 0 4122.15
30 46.7 0 0 0 0 0 0 4423.30
30 66.7 0 0 0 0 1 2 4810.00
40 46.7 0 0 0 0 0 0 4806.27
40 40.0 0 0 0 0 0 0 4766.91
40 53.3 0 0 0 0 0 1 4689.27
50 50.0 0 0 0 0 0 1 4786.70
50 53.3 0 0 0 0 0 1 4616.21
50 53.3 0 0 0 0 0 1 4742.16
75 53.3 0 0 0 0 0 5 5220.69
75 50.0 0 0 0 0 0 1 5270.56
75 46.7 0 0 0 0 0 0 5083.26
100 66.7 0 0 0 0 5 14 5707.60
100 73.3 0 0 0 1 6 23 5564.99
100 56.2 0 0 0 0 0 19 6075.67
200 99.9 3 6 10 13 20 22 7078.71
200 93.8 0 3 11 15 26 31 8084.69
200 99.9 4 8 15 16 21 27 7361.46
400 99.9 6 12 21 24 31 34 8579.66
400 99.9 8 19 31 32 41 45 8896.12
400 99.9 5 15 23 25 27 29 8982.28
800 99.9 11 24 36 39 42 43 10747.13
800 99.9 7 14 22 23 27 30 9341.86
800 99.9 16 24 31 31 34 37 9629.78
1600 99.9 27 39 50 54 55 57 13642.42
1600 99.9 22 37 48 50 54 60 14609.00
1600 99.9 30 40 52 54 56 61 15558.07
3200 99.9 56 70 78 78 81 81 21060.57
3200 99.9 59 72 79 84 88 88 20992.40
3200 99.9 48 66 70 75 77 78 20349.80
