1 73.3 0 0 0 5 52 56 3066.17
1 73.3 0 0 0 9 56 56 3269.48
1 73.3 0 0 0 7 56 56 3118.62
10 66.7 0 0 0 0 17 44 10523.12
10 66.7 0 0 0 0 19 45 10497.77
10 66.7 0 0 0 0 11 45 9923.90
25 73.3 0 0 0 1 31 56 14291.15
25 66.7 0 0 0 0 30 55 13998.43
25 66.7 0 0 0 0 26 55 14118.37
50 66.7 0 0 0 0 50 56 14708.15
50 73.3 0 0 0 1 49 57 14751.32
50 66.7 0 0 0 0 44 56 14911.25
100 73.3 0 0 0 1 46 56 15547.03
100 73.3 0 0 0 1 47 55 16031.62
100 66.7 0 0 0 0 47 56 16613.95
200 66.7 0 0 0 0 49 57 17352.68
200 73.3 0 0 0 2 44 56 17143.18
200 73.3 0 0 0 1 44 55 16455.45
