1 99.9 36 53 55 55 56 56 20930.18
1 99.9 42 56 56 56 56 56 21753.21
1 99.9 42 54 56 56 56 56 21529.10
10 99.9 20 51 56 56 56 56 44770.67
10 99.9 20 47 56 56 56 56 45235.73
10 99.9 18 45 54 54 54 54 43605.32
25 99.9 37 51 55 56 56 56 49784.84
25 99.9 30 47 55 55 55 55 49816.52
25 99.9 36 48 56 56 56 56 50212.95
50 99.9 41 53 55 56 56 56 51991.02
50 99.9 36 50 55 55 56 57 51554.40
50 99.9 37 50 55 55 55 55 51118.61
100 99.9 37 53 56 56 57 57 52041.32
100 99.9 40 53 54 54 54 54 50015.00
100 99.9 40 54 55 55 55 55 50830.70
200 99.9 40 54 54 54 54 54 48986.97
200 99.9 37 54 56 56 56 56 55847.63
200 99.9 42 54 55 55 55 55 47984.24
