1 99.9 41 55 55 55 56 57 17515.95
1 99.9 36 50 56 56 56 56 17012.91
1 99.9 36 52 56 56 56 56 17244.30
10 99.9 15 51 54 54 54 54 38394.95
10 99.9 17 46 56 56 56 56 38324.08
10 99.9 20 44 57 57 57 57 34286.80
25 99.9 22 42 56 57 57 57 37401.27
25 99.9 18 38 52 56 56 56 34572.89
25 99.9 16 35 55 56 56 56 34516.46
50 99.9 23 40 52 56 56 57 36846.30
50 99.9 21 37 52 55 56 56 37074.80
50 99.9 22 42 53 56 56 57 38413.37
100 99.9 8 31 56 56 56 56 46131.03
100 99.9 18 34 50 54 56 56 37240.25
100 99.9 20 42 52 54 56 56 34436.40
200 99.9 16 46 56 56 56 56 38505.63
200 99.9 19 39 55 55 57 57 42117.39
200 99.9 20 39 56 56 57 57 38998.68
