1 99.9 45 53 56 56 57 57 19261.58
1 99.9 41 55 57 57 57 57 19322.22
1 99.9 43 56 56 56 56 56 19937.49
10 99.9 29 49 56 56 56 56 30619.45
10 99.9 25 50 56 56 56 56 28203.92
10 99.9 22 49 55 55 55 55 31307.31
25 99.9 27 53 56 56 56 56 28347.60
25 99.9 20 47 56 56 56 56 27323.63
25 99.9 20 47 56 56 56 56 25797.88
50 99.9 22 45 56 56 56 56 30330.83
50 99.9 28 51 56 56 57 57 27723.78
50 99.9 23 48 56 56 56 56 29445.11
100 99.9 19 45 56 56 56 56 33585.83
100 99.9 22 41 56 56 56 56 36242.69
100 99.9 15 41 57 57 57 57 29360.58
200 99.9 18 36 57 57 57 57 25355.15
200 99.9 13 38 57 57 57 57 22561.27
200 99.9 14 38 57 57 57 57 23418.75
