1 99.9 45 55 56 56 57 57 20972.14
1 99.9 39 54 54 54 56 56 21217.19
1 99.9 38 52 53 55 56 56 21127.75
10 99.9 28 51 56 56 56 56 36732.45
10 99.9 25 50 56 56 56 56 35060.67
10 99.9 25 47 56 56 56 56 36168.10
25 99.9 15 45 56 56 56 56 41628.12
25 99.9 20 42 55 55 56 56 45747.32
25 99.9 15 41 56 56 56 56 47148.37
50 99.9 19 40 55 55 55 55 46697.95
50 99.9 19 43 55 56 57 57 46914.74
50 99.9 30 52 55 56 56 56 46435.07
100 99.9 41 55 56 56 56 56 53210.42
100 99.9 22 40 56 56 56 56 48978.49
100 99.9 22 43 56 56 56 56 49932.19
200 99.9 46 52 56 56 56 56 51829.69
200 99.9 31 44 55 55 56 57 46317.31
200 99.9 32 49 56 56 57 57 49235.65
