1 99.9 45 57 57 57 57 57 19578.77
1 99.9 35 53 56 56 56 56 20033.14
1 99.9 44 54 57 57 57 57 20012.23
10 99.9 24 44 56 56 56 56 34062.28
10 99.9 25 49 56 56 56 56 34991.68
10 99.9 20 46 56 56 57 57 37153.67
25 99.9 24 46 56 56 56 56 27693.84
25 99.9 19 41 55 56 56 56 27541.88
25 99.9 26 50 57 57 57 57 27401.29
50 99.9 21 48 54 54 55 55 30008.07
50 99.9 10 24 34 35 36 38 24812.82
50 60.0 0 0 0 0 1 5 7345.41
100 66.7 0 0 0 0 6 16 6001.54
100 62.5 0 0 0 0 6 14 5863.61
100 66.7 0 0 0 0 10 14 6554.23
200 93.3 0 1 5 7 10 12 4867.03
200 93.3 0 2 6 9 10 13 5350.68
200 80.0 0 0 1 4 9 9 5381.30
