1 99.9 41 54 55 55 55 55 22090.81
1 99.9 39 55 55 55 56 57 20760.57
1 99.9 44 54 55 55 55 55 21526.94
10 99.9 23 46 56 56 56 56 45999.45
10 99.9 19 43 56 56 56 56 45678.94
10 99.9 23 48 57 57 57 57 46258.82
25 99.9 38 50 56 56 57 57 47016.74
25 99.9 33 47 57 57 57 57 50117.02
25 99.9 27 47 56 56 56 56 49797.94
50 99.9 40 53 57 57 57 57 49741.31
50 99.9 37 51 55 55 55 56 48463.57
50 56.2 0 0 0 0 0 1 8202.55
100 53.3 0 0 0 0 0 1 8914.15
100 50.0 0 0 0 0 0 1 8673.85
100 56.2 0 0 0 0 0 2 8366.03
200 66.7 0 0 0 0 3 8 5925.91
200 62.5 0 0 0 0 2 8 6544.02
200 73.3 0 0 0 1 1 4 6471.97
