1 99.9 42 54 57 57 57 57 18810.99
1 99.9 45 54 57 57 57 57 18075.19
1 99.9 46 53 55 55 55 55 18267.84
10 99.9 17 50 56 56 56 56 21645.15
10 99.9 22 50 54 54 55 55 22586.41
10 99.9 21 45 56 56 56 56 23272.85
25 99.9 18 49 56 56 56 56 25247.47
25 99.9 21 47 54 54 54 54 26345.12
25 99.9 25 46 56 56 56 56 24015.76
50 99.9 20 50 56 56 56 56 23899.72
50 99.9 11 47 56 56 56 57 25014.95
50 99.9 20 44 56 56 56 56 24119.83
100 99.9 19 47 56 56 56 56 24555.50
100 99.9 16 50 56 56 56 56 24926.65
100 99.9 14 46 55 55 55 55 25430.16
200 99.9 9 39 56 56 56 56 23380.37
200 99.9 16 46 56 56 56 56 26283.27
200 99.9 20 41 56 56 56 56 24141.16
