1 99.9 22 49 56 56 56 56 10205.76
1 99.9 33 54 56 57 57 57 14305.80
1 99.9 19 50 56 56 56 56 13751.30
10 99.9 3 24 57 57 57 57 19330.46
10 99.9 1 33 55 55 55 55 19010.08
10 99.9 4 24 55 55 55 55 19651.68
25 99.9 1 12 46 54 56 56 19737.61
25 99.9 5 26 55 56 56 56 21132.27
25 99.9 1 6 39 56 56 56 19296.97
50 93.3 0 11 50 54 56 56 20767.23
50 93.3 0 2 50 55 56 56 19227.21
50 93.3 0 2 43 56 56 56 19985.18
100 99.9 3 6 46 55 55 55 21218.29
100 99.9 1 5 44 55 57 57 20837.61
100 93.3 0 6 52 55 57 57 20601.17
200 99.9 2 14 53 55 56 56 22050.19
200 93.3 0 11 49 54 55 55 22326.05
200 99.9 2 24 55 56 56 56 22808.58
