1 80.0 0 0 3 26 56 56 2793.00
1 73.3 0 0 0 24 56 56 2829.60
1 73.3 0 0 0 17 56 56 2734.85
10 73.3 0 0 0 1 35 57 9904.72
10 66.7 0 0 0 0 39 56 9815.42
10 66.7 0 0 0 0 37 56 9888.93
25 66.7 0 0 0 0 42 55 12472.48
25 66.7 0 0 0 0 43 57 12420.37
25 66.7 0 0 0 0 41 57 12063.60
50 80.0 0 0 1 1 49 57 13413.23
50 80.0 0 0 1 1 52 57 13172.10
50 73.3 0 0 0 1 53 57 13092.30
100 93.3 0 1 1 2 52 55 14684.38
100 66.7 0 0 0 0 50 57 14581.22
100 75.0 0 0 0 2 55 57 14492.13
200 73.3 0 0 0 2 50 55 15263.62
200 66.7 0 0 0 0 51 57 15405.82
200 66.7 0 0 0 0 50 57 15426.12
