100 99.9 76 95 95 95 95 96 26.7 0 0 0 0 0 0 26.7 0 0 0 0 0 0 26.7 0 0 0 0 0 0 33.3 0 0 0 0 0 0 26.7 0 0 0 0 0 0 26.7 0 0 0 0 0 0 26.7 0 0 0 0 0 0 20.0 0 0 0 0 0 0 26.7 0 0 0 0 0 0 20.0 0 0 0 0 0 0 20.0 0 0 0 0 0 0 26.7 0 0 0 0 0 0 26.7 0 0 0 0 0 0 26.7 0 0 0 0 0 0 26.7 0 0 0 0 0 0 20.0 0 0 0 0 0 0 16941.67
100 99.9 66 95 96 96 96 96 26.7 0 0 0 0 0 0 26.7 0 0 0 0 0 0 20.0 0 0 0 0 0 0 20.0 0 0 0 0 0 0 26.7 0 0 0 0 0 0 26.7 0 0 0 0 0 0 26.7 0 0 0 0 0 0 26.7 0 0 0 0 0 0 33.3 0 0 0 0 0 0 26.7 0 0 0 0 0 0 26.7 0 0 0 0 0 0 26.7 0 0 0 0 0 0 26.7 0 0 0 0 0 0 26.7 0 0 0 0 0 0 33.3 0 0 0 0 0 0 26.7 0 0 0 0 0 0 17307.61
75 99.9 76 93 96 96 96 96 26.7 0 0 0 0 0 0 26.7 0 0 0 0 0 0 20.0 0 0 0 0 0 0 33.3 0 0 0 0 0 0 26.7 0 0 0 0 0 0 26.7 0 0 0 0 0 0 26.7 0 0 0 0 0 0 26.7 0 0 0 0 0 0 26.7 0 0 0 0 0 0 26.7 0 0 0 0 0 0 26.7 0 0 0 0 0 0 26.7 0 0 0 0 0 0 26.7 0 0 0 0 0 0 26.7 0 0 0 0 0 0 26.7 0 0 0 0 0 0 25.0 0 0 0 0 0 0 18063.30
75 99.9 77 92 96 96 96 96 26.7 0 0 0 0 0 0 20.0 0 0 0 0 0 0 33.3 0 0 0 0 0 0 26.7 0 0 0 0 0 0 26.7 0 0 0 0 0 0 26.7 0 0 0 0 0 0 26.7 0 0 0 0 0 0 26.7 0 0 0 0 0 0 26.7 0 0 0 0 0 0 26.7 0 0 0 0 0 0 26.7 0 0 0 0 0 0 33.3 0 0 0 0 0 0 26.7 0 0 0 0 0 0 26.7 0 0 0 0 0 0 20.0 0 0 0 0 0 0 26.7 0 0 0 0 0 0 16965.33
50 99.9 76 92 96 96 96 96 26.7 0 0 0 0 0 0 26.7 0 0 0 0 0 0 26.7 0 0 0 0 0 0 26.7 0 0 0 0 0 0 26.7 0 0 0 0 0 0 26.7 0 0 0 0 0 0 26.7 0 0 0 0 0 0 26.7 0 0 0 0 0 0 33.3 0 0 0 0 0 0 26.7 0 0 0 0 0 0 26.7 0 0 0 0 0 0 26.7 0 0 0 0 0 0 26.7 0 0 0 0 0 0 26.7 0 0 0 0 0 0 26.7 0 0 0 0 0 0 26.7 0 0 0 0 0 0 17556.76
50 99.9 71 91 95 95 95 95 26.7 0 0 0 0 0 0 26.7 0 0 0 0 0 0 26.7 0 0 0 0 0 0 26.7 0 0 0 0 0 0 26.7 0 0 0 0 0 0 26.7 0 0 0 0 0 0 26.7 0 0 0 0 0 0 26.7 0 0 0 0 0 0 26.7 0 0 0 0 0 0 26.7 0 0 0 0 0 0 26.7 0 0 0 0 0 0 26.7 0 0 0 0 0 0 26.7 0 0 0 0 0 0 26.7 0 0 0 0 0 0 26.7 0 0 0 0 0 0 26.7 0 0 0 0 0 0 17675.47
40 99.9 63 91 94 95 95 95 26.7 0 0 0 0 0 0 26.7 0 0 0 0 0 0 26.7 0 0 0 0 0 0 40.0 0 0 0 0 0 0 26.7 0 0 0 0 0 0 26.7 0 0 0 0 0 0 26.7 0 0 0 0 0 0 26.7 0 0 0 0 0 0 26.7 0 0 0 0 0 0 26.7 0 0 0 0 0 0 26.7 0 0 0 0 0 0 33.3 0 0 0 0 0 0 26.7 0 0 0 0 0 0 26.7 0 0 0 0 0 0 26.7 0 0 0 0 0 0 26.7 0 0 0 0 0 0 18385.41
40 99.9 67 94 96 96 96 96 26.7 0 0 0 0 0 0 26.7 0 0 0 0 0 0 26.7 0 0 0 0 0 0 31.2 0 0 0 0 0 0 26.7 0 0 0 0 0 0 26.7 0 0 0 0 0 0 33.3 0 0 0 0 0 0 33.3 0 0 0 0 0 0 26.7 0 0 0 0 0 0 26.7 0 0 0 0 0 0 26.7 0 0 0 0 0 0 26.7 0 0 0 0 0 0 26.7 0 0 0 0 0 0 26.7 0 0 0 0 0 0 26.7 0 0 0 0 0 0 26.7 0 0 0 0 0 0 18205.66
30 99.9 64 89 95 95 95 95 26.7 0 0 0 0 0 0 33.3 0 0 0 0 0 0 26.7 0 0 0 0 0 0 26.7 0 0 0 0 0 0 26.7 0 0 0 0 0 0 26.7 0 0 0 0 0 0 31.2 0 0 0 0 0 0 26.7 0 0 0 0 0 0 26.7 0 0 0 0 0 0 26.7 0 0 0 0 0 0 26.7 0 0 0 0 0 0 26.7 0 0 0 0 0 0 26.7 0 0 0 0 0 0 26.7 0 0 0 0 0 0 26.7 0 0 0 0 0 0 31.2 0 0 0 0 0 0 17952.36
30 99.9 73 90 95 96 96 96 33.3 0 0 0 0 0 0 33.3 0 0 0 0 0 0 26.7 0 0 0 0 0 0 33.3 0 0 0 0 0 0 26.7 0 0 0 0 0 0 26.7 0 0 0 0 0 0 26.7 0 0 0 0 0 0 33.3 0 0 0 0 0 0 26.7 0 0 0 0 0 0 26.7 0 0 0 0 0 0 26.7 0 0 0 0 0 0 33.3 0 0 0 0 0 0 26.7 0 0 0 0 0 0 26.7 0 0 0 0 0 0 26.7 0 0 0 0 0 0 26.7 0 0 0 0 0 0 18477.94
20 99.9 67 89 96 96 96 96 26.7 0 0 0 0 0 0 26.7 0 0 0 0 0 0 26.7 0 0 0 0 0 0 33.3 0 0 0 0 0 0 26.7 0 0 0 0 0 0 33.3 0 0 0 0 0 0 26.7 0 0 0 0 0 0 26.7 0 0 0 0 0 0 26.7 0 0 0 0 0 0 26.7 0 0 0 0 0 0 26.7 0 0 0 0 0 0 26.7 0 0 0 0 0 0 26.7 0 0 0 0 0 0 26.7 0 0 0 0 0 0 31.2 0 0 0 0 0 0 26.7 0 0 0 0 0 0 17384.49
20 99.9 75 90 96 96 96 96 26.7 0 0 0 0 0 0 26.7 0 0 0 0 0 0 26.7 0 0 0 0 0 0 26.7 0 0 0 0 0 0 26.7 0 0 0 0 0 0 33.3 0 0 0 0 0 0 26.7 0 0 0 0 0 0 26.7 0 0 0 0 0 0 26.7 0 0 0 0 0 0 33.3 0 0 0 0 0 0 33.3 0 0 0 0 0 0 33.3 0 0 0 0 0 0 26.7 0 0 0 0 0 0 26.7 0 0 0 0 0 0 26.7 0 0 0 0 0 0 26.7 0 0 0 0 0 0 17163.13
10 99.9 71 88 94 95 96 96 33.3 0 0 0 0 0 0 26.7 0 0 0 0 0 0 26.7 0 0 0 0 0 0 26.7 0 0 0 0 0 0 26.7 0 0 0 0 0 0 31.2 0 0 0 0 0 0 26.7 0 0 0 0 0 0 26.7 0 0 0 0 0 0 33.3 0 0 0 0 0 0 26.7 0 0 0 0 0 0 26.7 0 0 0 0 0 0 26.7 0 0 0 0 0 0 26.7 0 0 0 0 0 0 26.7 0 0 0 0 0 0 26.7 0 0 0 0 0 0 26.7 0 0 0 0 0 0 16059.55
10 99.9 67 85 96 96 96 96 26.7 0 0 0 0 0 0 26.7 0 0 0 0 0 0 26.7 0 0 0 0 0 0 26.7 0 0 0 0 0 0 26.7 0 0 0 0 0 0 26.7 0 0 0 0 0 0 26.7 0 0 0 0 0 0 33.3 0 0 0 0 0 0 26.7 0 0 0 0 0 0 26.7 0 0 0 0 0 0 26.7 0 0 0 0 0 0 37.5 0 0 0 0 0 0 26.7 0 0 0 0 0 0 26.7 0 0 0 0 0 0 33.3 0 0 0 0 0 0 26.7 0 0 0 0 0 0 16383.52
