100 99.9 77 92 95 95 95 95 26.7 0 0 0 0 0 0 26.7 0 0 0 0 0 0 26.7 0 0 0 0 0 0 25.0 0 0 0 0 0 0 26.7 0 0 0 0 0 0 26.7 0 0 0 0 0 0 26.7 0 0 0 0 0 0 26.7 0 0 0 0 0 0 26.7 0 0 0 0 0 0 26.7 0 0 0 0 0 0 26.7 0 0 0 0 0 0 26.7 0 0 0 0 0 0 26.7 0 0 0 0 0 0 26.7 0 0 0 0 0 0 19442.35
100 99.9 65 95 96 96 96 96 26.7 0 0 0 0 0 0 26.7 0 0 0 0 0 0 26.7 0 0 0 0 0 0 26.7 0 0 0 0 0 0 26.7 0 0 0 0 0 0 26.7 0 0 0 0 0 0 26.7 0 0 0 0 0 0 26.7 0 0 0 0 0 0 26.7 0 0 0 0 0 0 26.7 0 0 0 0 0 0 26.7 0 0 0 0 0 0 26.7 0 0 0 0 0 0 26.7 0 0 0 0 0 0 26.7 0 0 0 0 0 0 19957.82
75 99.9 69 92 96 96 96 96 33.3 0 0 0 0 0 0 26.7 0 0 0 0 0 0 26.7 0 0 0 0 0 0 26.7 0 0 0 0 0 0 33.3 0 0 0 0 0 0 26.7 0 0 0 0 0 0 26.7 0 0 0 0 0 0 26.7 0 0 0 0 0 0 26.7 0 0 0 0 0 0 26.7 0 0 0 0 0 0 26.7 0 0 0 0 0 0 26.7 0 0 0 0 0 0 26.7 0 0 0 0 0 0 26.7 0 0 0 0 0 0 19755.54
75 99.9 77 90 96 96 96 96 26.7 0 0 0 0 0 0 26.7 0 0 0 0 0 0 40.0 0 0 0 0 0 0 26.7 0 0 0 0 0 0 26.7 0 0 0 0 0 0 26.7 0 0 0 0 0 0 26.7 0 0 0 0 0 0 26.7 0 0 0 0 0 0 25.0 0 0 0 0 0 0 20.0 0 0 0 0 0 0 31.2 0 0 0 0 0 0 26.7 0 0 0 0 0 0 26.7 0 0 0 0 0 0 26.7 0 0 0 0 0 0 19307.01
50 99.9 66 90 96 96 96 96 26.7 0 0 0 0 0 0 26.7 0 0 0 0 0 0 26.7 0 0 0 0 0 0 26.7 0 0 0 0 0 0 26.7 0 0 0 0 0 0 26.7 0 0 0 0 0 0 26.7 0 0 0 0 0 0 26.7 0 0 0 0 0 0 26.7 0 0 0 0 0 0 26.7 0 0 0 0 0 0 26.7 0 0 0 0 0 0 26.7 0 0 0 0 0 0 26.7 0 0 0 0 0 0 33.3 0 0 0 0 0 0 19660.85
50 99.9 66 90 96 96 96 96 26.7 0 0 0 0 0 0 26.7 0 0 0 0 0 0 26.7 0 0 0 0 0 0 26.7 0 0 0 0 0 0 26.7 0 0 0 0 0 0 26.7 0 0 0 0 0 0 26.7 0 0 0 0 0 0 40.0 0 0 0 0 0 0 26.7 0 0 0 0 0 0 26.7 0 0 0 0 0 0 26.7 0 0 0 0 0 0 26.7 0 0 0 0 0 0 26.7 0 0 0 0 0 0 26.7 0 0 0 0 0 0 19820.78
40 99.9 70 92 95 95 95 95 33.3 0 0 0 0 0 0 33.3 0 0 0 0 0 0 26.7 0 0 0 0 0 0 26.7 0 0 0 0 0 0 26.7 0 0 0 0 0 0 26.7 0 0 0 0 0 0 26.7 0 0 0 0 0 0 26.7 0 0 0 0 0 0 26.7 0 0 0 0 0 0 26.7 0 0 0 0 0 0 26.7 0 0 0 0 0 0 26.7 0 0 0 0 0 0 26.7 0 0 0 0 0 0 33.3 0 0 0 0 0 0 19620.83
40 99.9 61 88 94 94 95 95 26.7 0 0 0 0 0 0 26.7 0 0 0 0 0 0 26.7 0 0 0 0 0 0 26.7 0 0 0 0 0 0 37.5 0 0 0 0 0 0 33.3 0 0 0 0 0 0 26.7 0 0 0 0 0 0 26.7 0 0 0 0 0 0 26.7 0 0 0 0 0 0 33.3 0 0 0 0 0 0 26.7 0 0 0 0 0 0 26.7 0 0 0 0 0 0 26.7 0 0 0 0 0 0 33.3 0 0 0 0 0 0 19598.38
30 99.9 64 89 95 95 95 95 26.7 0 0 0 0 0 0 26.7 0 0 0 0 0 0 26.7 0 0 0 0 0 0 33.3 0 0 0 0 0 0 26.7 0 0 0 0 0 0 31.2 0 0 0 0 0 0 26.7 0 0 0 0 0 0 26.7 0 0 0 0 0 0 26.7 0 0 0 0 0 0 33.3 0 0 0 0 0 0 26.7 0 0 0 0 0 0 26.7 0 0 0 0 0 0 26.7 0 0 0 0 0 0 31.2 0 0 0 0 0 0 19942.75
30 99.9 70 91 94 95 95 95 26.7 0 0 0 0 0 0 26.7 0 0 0 0 0 0 26.7 0 0 0 0 0 0 26.7 0 0 0 0 0 0 26.7 0 0 0 0 0 0 33.3 0 0 0 0 0 0 26.7 0 0 0 0 0 0 26.7 0 0 0 0 0 0 26.7 0 0 0 0 0 0 31.2 0 0 0 0 0 0 26.7 0 0 0 0 0 0 26.7 0 0 0 0 0 0 33.3 0 0 0 0 0 0 26.7 0 0 0 0 0 0 19629.13
20 99.9 70 89 95 96 96 96 26.7 0 0 0 0 0 0 33.3 0 0 0 0 0 0 33.3 0 0 0 0 0 0 33.3 0 0 0 0 0 0 33.3 0 0 0 0 0 0 26.7 0 0 0 0 0 0 33.3 0 0 0 0 0 0 26.7 0 0 0 0 0 0 33.3 0 0 0 0 0 0 40.0 0 0 0 0 0 0 26.7 0 0 0 0 0 0 26.7 0 0 0 0 0 0 26.7 0 0 0 0 0 0 26.7 0 0 0 0 0 0 19576.02
20 99.9 69 95 96 96 96 96 33.3 0 0 0 0 0 0 26.7 0 0 0 0 0 0 31.2 0 0 0 0 0 0 26.7 0 0 0 0 0 0 33.3 0 0 0 0 0 0 26.7 0 0 0 0 0 0 26.7 0 0 0 0 0 0 33.3 0 0 0 0 0 0 26.7 0 0 0 0 0 0 26.7 0 0 0 0 0 0 31.2 0 0 0 0 0 0 26.7 0 0 0 0 0 0 26.7 0 0 0 0 0 0 26.7 0 0 0 0 0 0 20067.60
10 99.9 70 93 96 96 96 96 26.7 0 0 0 0 0 0 33.3 0 0 0 0 0 0 33.3 0 0 0 0 0 0 26.7 0 0 0 0 0 0 26.7 0 0 0 0 0 0 26.7 0 0 0 0 0 0 26.7 0 0 0 0 0 0 26.7 0 0 0 0 0 0 33.3 0 0 0 0 0 0 26.7 0 0 0 0 0 0 33.3 0 0 0 0 0 0 26.7 0 0 0 0 0 0 26.7 0 0 0 0 0 0 33.3 0 0 0 0 0 0 17413.58
10 99.9 67 92 96 96 96 96 26.7 0 0 0 0 0 0 33.3 0 0 0 0 0 0 26.7 0 0 0 0 0 0 26.7 0 0 0 0 0 0 26.7 0 0 0 0 0 0 33.3 0 0 0 0 0 0 33.3 0 0 0 0 0 0 26.7 0 0 0 0 0 0 31.2 0 0 0 0 0 0 26.7 0 0 0 0 0 0 31.2 0 0 0 0 0 0 33.3 0 0 0 0 0 0 26.7 0 0 0 0 0 0 31.2 0 0 0 0 0 0 17790.08
