100 99.9 28 70 95 96 96 96 26.7 0 0 0 0 0 0 26.7 0 0 0 0 0 0 20.0 0 0 0 0 0 0 26.7 0 0 0 0 0 0 26.7 0 0 0 0 0 0 20.0 0 0 0 0 0 0 20.0 0 0 0 0 0 0 20.0 0 0 0 0 0 0 25.0 0 0 0 0 0 0 20.0 0 0 0 0 0 0 20.0 0 0 0 0 0 0 25.0 0 0 0 0 0 0 20.0 0 0 0 0 0 0 20.0 0 0 0 0 0 0 14859.83
100 99.9 35 70 96 96 96 96 20.0 0 0 0 0 0 0 26.7 0 0 0 0 0 0 20.0 0 0 0 0 0 0 25.0 0 0 0 0 0 0 20.0 0 0 0 0 0 0 20.0 0 0 0 0 0 0 20.0 0 0 0 0 0 0 26.7 0 0 0 0 0 0 20.0 0 0 0 0 0 0 26.7 0 0 0 0 0 0 26.7 0 0 0 0 0 0 20.0 0 0 0 0 0 0 20.0 0 0 0 0 0 0 26.7 0 0 0 0 0 0 14896.00
75 99.9 40 74 96 96 96 96 25.0 0 0 0 0 0 0 25.0 0 0 0 0 0 0 20.0 0 0 0 0 0 0 33.3 0 0 0 0 0 0 20.0 0 0 0 0 0 0 20.0 0 0 0 0 0 0 20.0 0 0 0 0 0 0 26.7 0 0 0 0 0 0 26.7 0 0 0 0 0 0 20.0 0 0 0 0 0 0 26.7 0 0 0 0 0 0 25.0 0 0 0 0 0 0 20.0 0 0 0 0 0 0 26.7 0 0 0 0 0 0 16276.79
75 99.9 23 75 96 96 96 96 26.7 0 0 0 0 0 0 20.0 0 0 0 0 0 0 25.0 0 0 0 0 0 0 25.0 0 0 0 0 0 0 20.0 0 0 0 0 0 0 26.7 0 0 0 0 0 0 20.0 0 0 0 0 0 0 20.0 0 0 0 0 0 0 26.7 0 0 0 0 0 0 25.0 0 0 0 0 0 0 26.7 0 0 0 0 0 0 20.0 0 0 0 0 0 0 25.0 0 0 0 0 0 0 26.7 0 0 0 0 0 0 15847.22
50 99.9 68 88 93 93 93 94 20.0 0 0 0 0 0 0 26.7 0 0 0 0 0 0 25.0 0 0 0 0 0 0 26.7 0 0 0 0 0 0 26.7 0 0 0 0 0 0 20.0 0 0 0 0 0 0 26.7 0 0 0 0 0 0 26.7 0 0 0 0 0 0 26.7 0 0 0 0 0 0 26.7 0 0 0 0 0 0 26.7 0 0 0 0 0 0 26.7 0 0 0 0 0 0 26.7 0 0 0 0 0 0 25.0 0 0 0 0 0 0 18598.39
50 99.9 68 90 95 95 95 95 26.7 0 0 0 0 0 0 26.7 0 0 0 0 0 0 20.0 0 0 0 0 0 0 26.7 0 0 0 0 0 0 26.7 0 0 0 0 0 0 26.7 0 0 0 0 0 0 26.7 0 0 0 0 0 0 26.7 0 0 0 0 0 0 33.3 0 0 0 0 0 0 26.7 0 0 0 0 0 0 26.7 0 0 0 0 0 0 26.7 0 0 0 0 0 0 26.7 0 0 0 0 0 0 26.7 0 0 0 0 0 0 18103.93
40 99.9 71 89 94 95 95 95 26.7 0 0 0 0 0 0 26.7 0 0 0 0 0 0 26.7 0 0 0 0 0 0 26.7 0 0 0 0 0 0 26.7 0 0 0 0 0 0 26.7 0 0 0 0 0 0 26.7 0 0 0 0 0 0 26.7 0 0 0 0 0 0 26.7 0 0 0 0 0 0 26.7 0 0 0 0 0 0 26.7 0 0 0 0 0 0 26.7 0 0 0 0 0 0 26.7 0 0 0 0 0 0 26.7 0 0 0 0 0 0 18537.48
40 99.9 63 91 94 94 95 95 26.7 0 0 0 0 0 0 26.7 0 0 0 0 0 0 26.7 0 0 0 0 0 0 26.7 0 0 0 0 0 0 26.7 0 0 0 0 0 0 26.7 0 0 0 0 0 0 26.7 0 0 0 0 0 0 26.7 0 0 0 0 0 0 26.7 0 0 0 0 0 0 26.7 0 0 0 0 0 0 26.7 0 0 0 0 0 0 26.7 0 0 0 0 0 0 31.2 0 0 0 0 0 0 26.7 0 0 0 0 0 0 19953.64
30 99.9 68 92 95 96 96 96 26.7 0 0 0 0 0 0 26.7 0 0 0 0 0 0 26.7 0 0 0 0 0 0 26.7 0 0 0 0 0 0 26.7 0 0 0 0 0 0 26.7 0 0 0 0 0 0 26.7 0 0 0 0 0 0 26.7 0 0 0 0 0 0 26.7 0 0 0 0 0 0 26.7 0 0 0 0 0 0 33.3 0 0 0 0 0 0 26.7 0 0 0 0 0 0 33.3 0 0 0 0 0 0 26.7 0 0 0 0 0 0 19535.09
30 99.9 66 88 94 94 94 94 26.7 0 0 0 0 0 0 26.7 0 0 0 0 0 0 31.2 0 0 0 0 0 0 33.3 0 0 0 0 0 0 31.2 0 0 0 0 0 0 26.7 0 0 0 0 0 0 26.7 0 0 0 0 0 0 26.7 0 0 0 0 0 0 26.7 0 0 0 0 0 0 26.7 0 0 0 0 0 0 26.7 0 0 0 0 0 0 26.7 0 0 0 0 0 0 26.7 0 0 0 0 0 0 26.7 0 0 0 0 0 0 19283.19
20 99.9 62 93 95 95 95 95 26.7 0 0 0 0 0 0 26.7 0 0 0 0 0 0 26.7 0 0 0 0 0 0 26.7 0 0 0 0 0 0 26.7 0 0 0 0 0 0 26.7 0 0 0 0 0 0 26.7 0 0 0 0 0 0 26.7 0 0 0 0 0 0 26.7 0 0 0 0 0 0 26.7 0 0 0 0 0 0 26.7 0 0 0 0 0 0 26.7 0 0 0 0 0 0 26.7 0 0 0 0 0 0 26.7 0 0 0 0 0 0 19163.45
20 99.9 64 89 95 95 95 96 26.7 0 0 0 0 0 0 26.7 0 0 0 0 0 0 26.7 0 0 0 0 0 0 26.7 0 0 0 0 0 0 26.7 0 0 0 0 0 0 26.7 0 0 0 0 0 0 26.7 0 0 0 0 0 0 26.7 0 0 0 0 0 0 26.7 0 0 0 0 0 0 26.7 0 0 0 0 0 0 31.2 0 0 0 0 0 0 26.7 0 0 0 0 0 0 26.7 0 0 0 0 0 0 26.7 0 0 0 0 0 0 18509.93
10 99.9 69 91 94 95 95 95 26.7 0 0 0 0 0 0 31.2 0 0 0 0 0 0 26.7 0 0 0 0 0 0 33.3 0 0 0 0 0 0 31.2 0 0 0 0 0 0 26.7 0 0 0 0 0 0 26.7 0 0 0 0 0 0 26.7 0 0 0 0 0 0 26.7 0 0 0 0 0 0 31.2 0 0 0 0 0 0 26.7 0 0 0 0 0 0 40.0 0 0 0 0 0 0 26.7 0 0 0 0 0 0 33.3 0 0 0 0 0 0 17677.96
10 99.9 69 91 94 94 94 94 26.7 0 0 0 0 0 0 26.7 0 0 0 0 0 0 26.7 0 0 0 0 0 0 26.7 0 0 0 0 0 0 26.7 0 0 0 0 0 0 26.7 0 0 0 0 0 0 26.7 0 0 0 0 0 0 26.7 0 0 0 0 0 0 33.3 0 0 0 0 0 0 26.7 0 0 0 0 0 0 26.7 0 0 0 0 0 0 26.7 0 0 0 0 0 0 33.3 0 0 0 0 0 0 26.7 0 0 0 0 0 0 17729.31
