100 46.7 0 0 0 0 0 0 18.8 0 0 0 0 0 0 13.3 0 0 0 0 0 0 20.0 0 0 0 0 0 0 33.3 0 0 0 0 0 0 20.0 0 0 0 0 0 0 20.0 0 0 0 0 0 0 20.0 0 0 0 0 0 0 20.0 0 0 0 0 0 0 20.0 0 0 0 0 0 0 20.0 0 0 0 0 0 0 20.0 0 0 0 0 0 0 13.3 0 0 0 0 0 0 20.0 0 0 0 0 0 0 20.0 0 0 0 0 0 0 20.0 0 0 0 0 0 0 26.7 0 0 0 0 0 0 20.0 0 0 0 0 0 0 20.0 0 0 0 0 0 0 5306.95
100 40.0 0 0 0 0 0 0 20.0 0 0 0 0 0 0 18.8 0 0 0 0 0 0 20.0 0 0 0 0 0 0 20.0 0 0 0 0 0 0 18.8 0 0 0 0 0 0 20.0 0 0 0 0 0 0 20.0 0 0 0 0 0 0 20.0 0 0 0 0 0 0 20.0 0 0 0 0 0 0 20.0 0 0 0 0 0 0 20.0 0 0 0 0 0 0 20.0 0 0 0 0 0 0 20.0 0 0 0 0 0 0 20.0 0 0 0 0 0 0 20.0 0 0 0 0 0 0 20.0 0 0 0 0 0 0 20.0 0 0 0 0 0 0 20.0 0 0 0 0 0 0 5099.31
75 40.0 0 0 0 0 0 0 20.0 0 0 0 0 0 0 13.3 0 0 0 0 0 0 13.3 0 0 0 0 0 0 18.8 0 0 0 0 0 0 13.3 0 0 0 0 0 0 18.8 0 0 0 0 0 0 13.3 0 0 0 0 0 0 20.0 0 0 0 0 0 0 18.8 0 0 0 0 0 0 18.8 0 0 0 0 0 0 13.3 0 0 0 0 0 0 20.0 0 0 0 0 0 0 20.0 0 0 0 0 0 0 20.0 0 0 0 0 0 0 20.0 0 0 0 0 0 0 20.0 0 0 0 0 0 0 20.0 0 0 0 0 0 0 20.0 0 0 0 0 0 0 4632.14
75 93.8 0 1 1 1 1 1 20.0 0 0 0 0 0 0 13.3 0 0 0 0 0 0 13.3 0 0 0 0 0 0 13.3 0 0 0 0 0 0 25.0 0 0 0 0 0 0 18.8 0 0 0 0 0 0 20.0 0 0 0 0 0 0 13.3 0 0 0 0 0 0 13.3 0 0 0 0 0 0 20.0 0 0 0 0 0 0 13.3 0 0 0 0 0 0 20.0 0 0 0 0 0 0 20.0 0 0 0 0 0 0 20.0 0 0 0 0 0 0 25.0 0 0 0 0 0 0 20.0 0 0 0 0 0 0 20.0 0 0 0 0 0 0 26.7 0 0 0 0 0 0 5054.41
50 66.7 0 0 0 0 1 1 20.0 0 0 0 0 0 0 18.8 0 0 0 0 0 0 20.0 0 0 0 0 0 0 20.0 0 0 0 0 0 0 20.0 0 0 0 0 0 0 20.0 0 0 0 0 0 0 20.0 0 0 0 0 0 0 33.3 0 0 0 0 0 0 20.0 0 0 0 0 0 0 20.0 0 0 0 0 0 0 20.0 0 0 0 0 0 0 20.0 0 0 0 0 0 0 20.0 0 0 0 0 0 0 18.8 0 0 0 0 0 0 13.3 0 0 0 0 0 0 20.0 0 0 0 0 0 0 20.0 0 0 0 0 0 0 20.0 0 0 0 0 0 0 4714.12
50 40.0 0 0 0 0 0 0 20.0 0 0 0 0 0 0 13.3 0 0 0 0 0 0 20.0 0 0 0 0 0 0 20.0 0 0 0 0 0 0 18.8 0 0 0 0 0 0 20.0 0 0 0 0 0 0 20.0 0 0 0 0 0 0 20.0 0 0 0 0 0 0 18.8 0 0 0 0 0 0 20.0 0 0 0 0 0 0 20.0 0 0 0 0 0 0 20.0 0 0 0 0 0 0 20.0 0 0 0 0 0 0 20.0 0 0 0 0 0 0 20.0 0 0 0 0 0 0 20.0 0 0 0 0 0 0 20.0 0 0 0 0 0 0 20.0 0 0 0 0 0 0 5168.67
40 40.0 0 0 0 0 0 0 20.0 0 0 0 0 0 0 20.0 0 0 0 0 0 0 13.3 0 0 0 0 0 0 18.8 0 0 0 0 0 0 20.0 0 0 0 0 0 0 20.0 0 0 0 0 0 0 13.3 0 0 0 0 0 0 20.0 0 0 0 0 0 0 13.3 0 0 0 0 0 0 20.0 0 0 0 0 0 0 13.3 0 0 0 0 0 0 13.3 0 0 0 0 0 0 20.0 0 0 0 0 0 0 18.8 0 0 0 0 0 0 20.0 0 0 0 0 0 0 20.0 0 0 0 0 0 0 20.0 0 0 0 0 0 0 20.0 0 0 0 0 0 0 4678.69
40 46.7 0 0 0 0 0 0 20.0 0 0 0 0 0 0 20.0 0 0 0 0 0 0 20.0 0 0 0 0 0 0 20.0 0 0 0 0 0 0 18.8 0 0 0 0 0 0 20.0 0 0 0 0 0 0 20.0 0 0 0 0 0 0 20.0 0 0 0 0 0 0 20.0 0 0 0 0 0 0 20.0 0 0 0 0 0 0 13.3 0 0 0 0 0 0 20.0 0 0 0 0 0 0 18.8 0 0 0 0 0 0 20.0 0 0 0 0 0 0 20.0 0 0 0 0 0 0 20.0 0 0 0 0 0 0 20.0 0 0 0 0 0 0 20.0 0 0 0 0 0 0 4577.65
30 53.3 0 0 0 0 0 1 20.0 0 0 0 0 0 0 20.0 0 0 0 0 0 0 20.0 0 0 0 0 0 0 20.0 0 0 0 0 0 0 20.0 0 0 0 0 0 0 13.3 0 0 0 0 0 0 20.0 0 0 0 0 0 0 20.0 0 0 0 0 0 0 13.3 0 0 0 0 0 0 20.0 0 0 0 0 0 0 20.0 0 0 0 0 0 0 20.0 0 0 0 0 0 0 20.0 0 0 0 0 0 0 18.8 0 0 0 0 0 0 20.0 0 0 0 0 0 0 13.3 0 0 0 0 0 0 20.0 0 0 0 0 0 0 20.0 0 0 0 0 0 0 4507.93
30 46.7 0 0 0 0 0 0 20.0 0 0 0 0 0 0 13.3 0 0 0 0 0 0 20.0 0 0 0 0 0 0 20.0 0 0 0 0 0 0 13.3 0 0 0 0 0 0 20.0 0 0 0 0 0 0 18.8 0 0 0 0 0 0 20.0 0 0 0 0 0 0 13.3 0 0 0 0 0 0 20.0 0 0 0 0 0 0 13.3 0 0 0 0 0 0 13.3 0 0 0 0 0 0 20.0 0 0 0 0 0 0 13.3 0 0 0 0 0 0 20.0 0 0 0 0 0 0 20.0 0 0 0 0 0 0 20.0 0 0 0 0 0 0 20.0 0 0 0 0 0 0 4324.79
20 62.5 0 0 0 0 2 2 20.0 0 0 0 0 0 0 20.0 0 0 0 0 0 0 13.3 0 0 0 0 0 0 20.0 0 0 0 0 0 0 20.0 0 0 0 0 0 0 20.0 0 0 0 0 0 0 20.0 0 0 0 0 0 0 20.0 0 0 0 0 0 0 20.0 0 0 0 0 0 0 25.0 0 0 0 0 0 0 25.0 0 0 0 0 0 0 13.3 0 0 0 0 0 0 20.0 0 0 0 0 0 0 20.0 0 0 0 0 0 0 18.8 0 0 0 0 0 0 13.3 0 0 0 0 0 0 26.7 0 0 0 0 0 0 20.0 0 0 0 0 0 0 3921.27
20 40.0 0 0 0 0 0 0 13.3 0 0 0 0 0 0 13.3 0 0 0 0 0 0 20.0 0 0 0 0 0 0 13.3 0 0 0 0 0 0 13.3 0 0 0 0 0 0 13.3 0 0 0 0 0 0 13.3 0 0 0 0 0 0 18.8 0 0 0 0 0 0 20.0 0 0 0 0 0 0 20.0 0 0 0 0 0 0 20.0 0 0 0 0 0 0 31.2 0 0 0 0 0 0 20.0 0 0 0 0 0 0 20.0 0 0 0 0 0 0 20.0 0 0 0 0 0 0 20.0 0 0 0 0 0 0 20.0 0 0 0 0 0 0 20.0 0 0 0 0 0 0 4078.61
10 46.7 0 0 0 0 0 0 20.0 0 0 0 0 0 0 20.0 0 0 0 0 0 0 20.0 0 0 0 0 0 0 13.3 0 0 0 0 0 0 20.0 0 0 0 0 0 0 20.0 0 0 0 0 0 0 20.0 0 0 0 0 0 0 20.0 0 0 0 0 0 0 20.0 0 0 0 0 0 0 20.0 0 0 0 0 0 0 20.0 0 0 0 0 0 0 20.0 0 0 0 0 0 0 20.0 0 0 0 0 0 0 18.8 0 0 0 0 0 0 20.0 0 0 0 0 0 0 20.0 0 0 0 0 0 0 20.0 0 0 0 0 0 0 20.0 0 0 0 0 0 0 4230.74
10 40.0 0 0 0 0 0 0 20.0 0 0 0 0 0 0 20.0 0 0 0 0 0 0 20.0 0 0 0 0 0 0 20.0 0 0 0 0 0 0 20.0 0 0 0 0 0 0 20.0 0 0 0 0 0 0 20.0 0 0 0 0 0 0 26.7 0 0 0 0 0 0 13.3 0 0 0 0 0 0 20.0 0 0 0 0 0 0 20.0 0 0 0 0 0 0 20.0 0 0 0 0 0 0 20.0 0 0 0 0 0 0 26.7 0 0 0 0 0 0 20.0 0 0 0 0 0 0 20.0 0 0 0 0 0 0 20.0 0 0 0 0 0 0 20.0 0 0 0 0 0 0 4382.41
