100 99.9 1 1 1 1 9 21 33.3 0 0 0 0 0 0 26.7 0 0 0 0 0 0 26.7 0 0 0 0 0 0 26.7 0 0 0 0 0 0 26.7 0 0 0 0 0 0 26.7 0 0 0 0 0 0 26.7 0 0 0 0 0 0 26.7 0 0 0 0 0 0 20.0 0 0 0 0 0 0 20.0 0 0 0 0 0 0 20.0 0 0 0 0 0 0 20.0 0 0 0 0 0 0 26.7 0 0 0 0 0 0 26.7 0 0 0 0 0 0 7503.06
100 62.5 0 0 0 0 5 21 26.7 0 0 0 0 0 0 20.0 0 0 0 0 0 0 26.7 0 0 0 0 0 0 25.0 0 0 0 0 0 0 20.0 0 0 0 0 0 0 20.0 0 0 0 0 0 0 20.0 0 0 0 0 0 0 26.7 0 0 0 0 0 0 26.7 0 0 0 0 0 0 26.7 0 0 0 0 0 0 20.0 0 0 0 0 0 0 20.0 0 0 0 0 0 0 20.0 0 0 0 0 0 0 25.0 0 0 0 0 0 0 7501.13
75 50.0 0 0 0 0 0 1 20.0 0 0 0 0 0 0 20.0 0 0 0 0 0 0 20.0 0 0 0 0 0 0 20.0 0 0 0 0 0 0 20.0 0 0 0 0 0 0 20.0 0 0 0 0 0 0 20.0 0 0 0 0 0 0 20.0 0 0 0 0 0 0 20.0 0 0 0 0 0 0 20.0 0 0 0 0 0 0 20.0 0 0 0 0 0 0 18.8 0 0 0 0 0 0 20.0 0 0 0 0 0 0 20.0 0 0 0 0 0 0 6768.95
75 99.9 1 1 2 2 5 8 20.0 0 0 0 0 0 0 20.0 0 0 0 0 0 0 20.0 0 0 0 0 0 0 26.7 0 0 0 0 0 0 20.0 0 0 0 0 0 0 20.0 0 0 0 0 0 0 20.0 0 0 0 0 0 0 20.0 0 0 0 0 0 0 20.0 0 0 0 0 0 0 20.0 0 0 0 0 0 0 26.7 0 0 0 0 0 0 20.0 0 0 0 0 0 0 20.0 0 0 0 0 0 0 20.0 0 0 0 0 0 0 7166.28
50 53.3 0 0 0 0 0 2 26.7 0 0 0 0 0 0 20.0 0 0 0 0 0 0 20.0 0 0 0 0 0 0 26.7 0 0 0 0 0 0 26.7 0 0 0 0 0 0 20.0 0 0 0 0 0 0 26.7 0 0 0 0 0 0 26.7 0 0 0 0 0 0 20.0 0 0 0 0 0 0 20.0 0 0 0 0 0 0 20.0 0 0 0 0 0 0 20.0 0 0 0 0 0 0 20.0 0 0 0 0 0 0 20.0 0 0 0 0 0 0 6451.69
50 50.0 0 0 0 0 0 2 20.0 0 0 0 0 0 0 25.0 0 0 0 0 0 0 20.0 0 0 0 0 0 0 18.8 0 0 0 0 0 0 18.8 0 0 0 0 0 0 26.7 0 0 0 0 0 0 20.0 0 0 0 0 0 0 20.0 0 0 0 0 0 0 20.0 0 0 0 0 0 0 20.0 0 0 0 0 0 0 20.0 0 0 0 0 0 0 20.0 0 0 0 0 0 0 20.0 0 0 0 0 0 0 20.0 0 0 0 0 0 0 6637.68
40 53.3 0 0 0 0 0 2 20.0 0 0 0 0 0 0 26.7 0 0 0 0 0 0 20.0 0 0 0 0 0 0 20.0 0 0 0 0 0 0 20.0 0 0 0 0 0 0 26.7 0 0 0 0 0 0 25.0 0 0 0 0 0 0 26.7 0 0 0 0 0 0 20.0 0 0 0 0 0 0 20.0 0 0 0 0 0 0 20.0 0 0 0 0 0 0 20.0 0 0 0 0 0 0 20.0 0 0 0 0 0 0 20.0 0 0 0 0 0 0 6759.34
40 53.3 0 0 0 0 0 1 25.0 0 0 0 0 0 0 20.0 0 0 0 0 0 0 20.0 0 0 0 0 0 0 26.7 0 0 0 0 0 0 20.0 0 0 0 0 0 0 20.0 0 0 0 0 0 0 20.0 0 0 0 0 0 0 26.7 0 0 0 0 0 0 20.0 0 0 0 0 0 0 25.0 0 0 0 0 0 0 20.0 0 0 0 0 0 0 20.0 0 0 0 0 0 0 20.0 0 0 0 0 0 0 20.0 0 0 0 0 0 0 7032.94
30 53.3 0 0 0 0 0 2 20.0 0 0 0 0 0 0 20.0 0 0 0 0 0 0 20.0 0 0 0 0 0 0 20.0 0 0 0 0 0 0 20.0 0 0 0 0 0 0 20.0 0 0 0 0 0 0 20.0 0 0 0 0 0 0 20.0 0 0 0 0 0 0 20.0 0 0 0 0 0 0 20.0 0 0 0 0 0 0 20.0 0 0 0 0 0 0 26.7 0 0 0 0 0 0 20.0 0 0 0 0 0 0 26.7 0 0 0 0 0 0 6603.75
30 46.7 0 0 0 0 0 0 20.0 0 0 0 0 0 0 20.0 0 0 0 0 0 0 20.0 0 0 0 0 0 0 20.0 0 0 0 0 0 0 20.0 0 0 0 0 0 0 20.0 0 0 0 0 0 0 20.0 0 0 0 0 0 0 20.0 0 0 0 0 0 0 20.0 0 0 0 0 0 0 25.0 0 0 0 0 0 0 20.0 0 0 0 0 0 0 20.0 0 0 0 0 0 0 20.0 0 0 0 0 0 0 20.0 0 0 0 0 0 0 6243.20
20 53.3 0 0 0 0 0 1 20.0 0 0 0 0 0 0 20.0 0 0 0 0 0 0 20.0 0 0 0 0 0 0 20.0 0 0 0 0 0 0 20.0 0 0 0 0 0 0 20.0 0 0 0 0 0 0 20.0 0 0 0 0 0 0 20.0 0 0 0 0 0 0 20.0 0 0 0 0 0 0 20.0 0 0 0 0 0 0 20.0 0 0 0 0 0 0 20.0 0 0 0 0 0 0 20.0 0 0 0 0 0 0 20.0 0 0 0 0 0 0 6047.29
20 46.7 0 0 0 0 0 0 13.3 0 0 0 0 0 0 13.3 0 0 0 0 0 0 26.7 0 0 0 0 0 0 26.7 0 0 0 0 0 0 20.0 0 0 0 0 0 0 20.0 0 0 0 0 0 0 20.0 0 0 0 0 0 0 20.0 0 0 0 0 0 0 20.0 0 0 0 0 0 0 13.3 0 0 0 0 0 0 20.0 0 0 0 0 0 0 20.0 0 0 0 0 0 0 33.3 0 0 0 0 0 0 20.0 0 0 0 0 0 0 6277.31
10 53.3 0 0 0 0 0 2 20.0 0 0 0 0 0 0 20.0 0 0 0 0 0 0 20.0 0 0 0 0 0 0 20.0 0 0 0 0 0 0 26.7 0 0 0 0 0 0 20.0 0 0 0 0 0 0 20.0 0 0 0 0 0 0 20.0 0 0 0 0 0 0 20.0 0 0 0 0 0 0 20.0 0 0 0 0 0 0 20.0 0 0 0 0 0 0 20.0 0 0 0 0 0 0 26.7 0 0 0 0 0 0 20.0 0 0 0 0 0 0 5758.46
10 66.7 0 0 0 0 1 2 20.0 0 0 0 0 0 0 20.0 0 0 0 0 0 0 20.0 0 0 0 0 0 0 20.0 0 0 0 0 0 0 20.0 0 0 0 0 0 0 20.0 0 0 0 0 0 0 20.0 0 0 0 0 0 0 20.0 0 0 0 0 0 0 33.3 0 0 0 0 0 0 20.0 0 0 0 0 0 0 20.0 0 0 0 0 0 0 20.0 0 0 0 0 0 0 20.0 0 0 0 0 0 0 20.0 0 0 0 0 0 0 5751.60
