100 80.0 0 0 1 4 15 23 26.7 0 0 0 0 0 0 26.7 0 0 0 0 0 0 26.7 0 0 0 0 0 0 26.7 0 0 0 0 0 0 20.0 0 0 0 0 0 0 25.0 0 0 0 0 0 0 31.2 0 0 0 0 0 0 26.7 0 0 0 0 0 0 26.7 0 0 0 0 0 0 26.7 0 0 0 0 0 0 26.7 0 0 0 0 0 0 26.7 0 0 0 0 0 0 26.7 0 0 0 0 0 0 26.7 0 0 0 0 0 0 33.3 0 0 0 0 0 0 26.7 0 0 0 0 0 0 26.7 0 0 0 0 0 0 26.7 0 0 0 0 0 0 26.7 0 0 0 0 0 0 25.0 0 0 0 0 0 0 7341.54
100 93.3 0 1 5 9 10 17 25.0 0 0 0 0 0 0 25.0 0 0 0 0 0 0 25.0 0 0 0 0 0 0 25.0 0 0 0 0 0 0 31.2 0 0 0 0 0 0 25.0 0 0 0 0 0 0 26.7 0 0 0 0 0 0 26.7 0 0 0 0 0 0 20.0 0 0 0 0 0 0 26.7 0 0 0 0 0 0 26.7 0 0 0 0 0 0 26.7 0 0 0 0 0 0 26.7 0 0 0 0 0 0 20.0 0 0 0 0 0 0 20.0 0 0 0 0 0 0 26.7 0 0 0 0 0 0 25.0 0 0 0 0 0 0 26.7 0 0 0 0 0 0 25.0 0 0 0 0 0 0 20.0 0 0 0 0 0 0 6580.49
75 66.7 0 0 0 0 13 25 25.0 0 0 0 0 0 0 20.0 0 0 0 0 0 0 20.0 0 0 0 0 0 0 20.0 0 0 0 0 0 0 20.0 0 0 0 0 0 0 26.7 0 0 0 0 0 0 20.0 0 0 0 0 0 0 20.0 0 0 0 0 0 0 20.0 0 0 0 0 0 0 20.0 0 0 0 0 0 0 26.7 0 0 0 0 0 0 26.7 0 0 0 0 0 0 20.0 0 0 0 0 0 0 20.0 0 0 0 0 0 0 20.0 0 0 0 0 0 0 20.0 0 0 0 0 0 0 26.7 0 0 0 0 0 0 20.0 0 0 0 0 0 0 20.0 0 0 0 0 0 0 20.0 0 0 0 0 0 0 5877.73
75 80.0 0 0 1 1 11 19 20.0 0 0 0 0 0 0 20.0 0 0 0 0 0 0 26.7 0 0 0 0 0 0 20.0 0 0 0 0 0 0 20.0 0 0 0 0 0 0 26.7 0 0 0 0 0 0 26.7 0 0 0 0 0 0 20.0 0 0 0 0 0 0 25.0 0 0 0 0 0 0 26.7 0 0 0 0 0 0 20.0 0 0 0 0 0 0 26.7 0 0 0 0 0 0 20.0 0 0 0 0 0 0 20.0 0 0 0 0 0 0 20.0 0 0 0 0 0 0 26.7 0 0 0 0 0 0 20.0 0 0 0 0 0 0 20.0 0 0 0 0 0 0 26.7 0 0 0 0 0 0 26.7 0 0 0 0 0 0 6408.76
50 60.0 0 0 0 0 1 10 33.3 0 0 0 0 0 0 20.0 0 0 0 0 0 0 20.0 0 0 0 0 0 0 20.0 0 0 0 0 0 0 20.0 0 0 0 0 0 0 25.0 0 0 0 0 0 0 20.0 0 0 0 0 0 0 20.0 0 0 0 0 0 0 20.0 0 0 0 0 0 0 20.0 0 0 0 0 0 0 25.0 0 0 0 0 0 0 20.0 0 0 0 0 0 0 20.0 0 0 0 0 0 0 26.7 0 0 0 0 0 0 20.0 0 0 0 0 0 0 20.0 0 0 0 0 0 0 20.0 0 0 0 0 0 0 26.7 0 0 0 0 0 0 20.0 0 0 0 0 0 0 20.0 0 0 0 0 0 0 5162.87
50 62.5 0 0 0 0 1 4 20.0 0 0 0 0 0 0 20.0 0 0 0 0 0 0 20.0 0 0 0 0 0 0 20.0 0 0 0 0 0 0 20.0 0 0 0 0 0 0 20.0 0 0 0 0 0 0 25.0 0 0 0 0 0 0 20.0 0 0 0 0 0 0 20.0 0 0 0 0 0 0 20.0 0 0 0 0 0 0 25.0 0 0 0 0 0 0 20.0 0 0 0 0 0 0 20.0 0 0 0 0 0 0 20.0 0 0 0 0 0 0 20.0 0 0 0 0 0 0 20.0 0 0 0 0 0 0 26.7 0 0 0 0 0 0 20.0 0 0 0 0 0 0 20.0 0 0 0 0 0 0 20.0 0 0 0 0 0 0 5383.26
40 99.9 1 1 1 1 1 2 13.3 0 0 0 0 0 0 18.8 0 0 0 0 0 0 20.0 0 0 0 0 0 0 20.0 0 0 0 0 0 0 20.0 0 0 0 0 0 0 20.0 0 0 0 0 0 0 13.3 0 0 0 0 0 0 20.0 0 0 0 0 0 0 20.0 0 0 0 0 0 0 26.7 0 0 0 0 0 0 20.0 0 0 0 0 0 0 25.0 0 0 0 0 0 0 20.0 0 0 0 0 0 0 20.0 0 0 0 0 0 0 26.7 0 0 0 0 0 0 20.0 0 0 0 0 0 0 18.8 0 0 0 0 0 0 20.0 0 0 0 0 0 0 20.0 0 0 0 0 0 0 20.0 0 0 0 0 0 0 4652.31
40 99.9 1 1 1 1 1 1 20.0 0 0 0 0 0 0 20.0 0 0 0 0 0 0 26.7 0 0 0 0 0 0 25.0 0 0 0 0 0 0 20.0 0 0 0 0 0 0 20.0 0 0 0 0 0 0 20.0 0 0 0 0 0 0 25.0 0 0 0 0 0 0 20.0 0 0 0 0 0 0 26.7 0 0 0 0 0 0 13.3 0 0 0 0 0 0 20.0 0 0 0 0 0 0 20.0 0 0 0 0 0 0 26.7 0 0 0 0 0 0 20.0 0 0 0 0 0 0 20.0 0 0 0 0 0 0 25.0 0 0 0 0 0 0 20.0 0 0 0 0 0 0 20.0 0 0 0 0 0 0 20.0 0 0 0 0 0 0 5037.52
30 40.0 0 0 0 0 0 0 20.0 0 0 0 0 0 0 26.7 0 0 0 0 0 0 18.8 0 0 0 0 0 0 20.0 0 0 0 0 0 0 20.0 0 0 0 0 0 0 20.0 0 0 0 0 0 0 20.0 0 0 0 0 0 0 18.8 0 0 0 0 0 0 18.8 0 0 0 0 0 0 20.0 0 0 0 0 0 0 18.8 0 0 0 0 0 0 20.0 0 0 0 0 0 0 13.3 0 0 0 0 0 0 26.7 0 0 0 0 0 0 26.7 0 0 0 0 0 0 20.0 0 0 0 0 0 0 20.0 0 0 0 0 0 0 20.0 0 0 0 0 0 0 26.7 0 0 0 0 0 0 13.3 0 0 0 0 0 0 4494.92
30 66.7 0 0 0 0 1 1 20.0 0 0 0 0 0 0 20.0 0 0 0 0 0 0 20.0 0 0 0 0 0 0 13.3 0 0 0 0 0 0 20.0 0 0 0 0 0 0 20.0 0 0 0 0 0 0 20.0 0 0 0 0 0 0 20.0 0 0 0 0 0 0 26.7 0 0 0 0 0 0 20.0 0 0 0 0 0 0 20.0 0 0 0 0 0 0 20.0 0 0 0 0 0 0 13.3 0 0 0 0 0 0 20.0 0 0 0 0 0 0 20.0 0 0 0 0 0 0 20.0 0 0 0 0 0 0 20.0 0 0 0 0 0 0 20.0 0 0 0 0 0 0 20.0 0 0 0 0 0 0 20.0 0 0 0 0 0 0 4757.89
20 43.8 0 0 0 0 0 0 18.8 0 0 0 0 0 0 18.8 0 0 0 0 0 0 25.0 0 0 0 0 0 0 18.8 0 0 0 0 0 0 20.0 0 0 0 0 0 0 20.0 0 0 0 0 0 0 20.0 0 0 0 0 0 0 20.0 0 0 0 0 0 0 20.0 0 0 0 0 0 0 20.0 0 0 0 0 0 0 20.0 0 0 0 0 0 0 20.0 0 0 0 0 0 0 20.0 0 0 0 0 0 0 18.8 0 0 0 0 0 0 20.0 0 0 0 0 0 0 20.0 0 0 0 0 0 0 20.0 0 0 0 0 0 0 20.0 0 0 0 0 0 0 20.0 0 0 0 0 0 0 20.0 0 0 0 0 0 0 4719.70
20 40.0 0 0 0 0 0 0 18.8 0 0 0 0 0 0 18.8 0 0 0 0 0 0 13.3 0 0 0 0 0 0 18.8 0 0 0 0 0 0 18.8 0 0 0 0 0 0 18.8 0 0 0 0 0 0 13.3 0 0 0 0 0 0 18.8 0 0 0 0 0 0 20.0 0 0 0 0 0 0 20.0 0 0 0 0 0 0 13.3 0 0 0 0 0 0 13.3 0 0 0 0 0 0 18.8 0 0 0 0 0 0 20.0 0 0 0 0 0 0 13.3 0 0 0 0 0 0 13.3 0 0 0 0 0 0 20.0 0 0 0 0 0 0 20.0 0 0 0 0 0 0 20.0 0 0 0 0 0 0 20.0 0 0 0 0 0 0 4319.78
10 46.7 0 0 0 0 0 0 20.0 0 0 0 0 0 0 20.0 0 0 0 0 0 0 18.8 0 0 0 0 0 0 18.8 0 0 0 0 0 0 20.0 0 0 0 0 0 0 26.7 0 0 0 0 0 0 13.3 0 0 0 0 0 0 18.8 0 0 0 0 0 0 33.3 0 0 0 0 0 0 20.0 0 0 0 0 0 0 20.0 0 0 0 0 0 0 20.0 0 0 0 0 0 0 20.0 0 0 0 0 0 0 20.0 0 0 0 0 0 0 26.7 0 0 0 0 0 0 20.0 0 0 0 0 0 0 20.0 0 0 0 0 0 0 13.3 0 0 0 0 0 0 20.0 0 0 0 0 0 0 20.0 0 0 0 0 0 0 4030.79
10 46.7 0 0 0 0 0 0 18.8 0 0 0 0 0 0 13.3 0 0 0 0 0 0 33.3 0 0 0 0 0 0 13.3 0 0 0 0 0 0 20.0 0 0 0 0 0 0 20.0 0 0 0 0 0 0 20.0 0 0 0 0 0 0 20.0 0 0 0 0 0 0 18.8 0 0 0 0 0 0 13.3 0 0 0 0 0 0 13.3 0 0 0 0 0 0 13.3 0 0 0 0 0 0 13.3 0 0 0 0 0 0 20.0 0 0 0 0 0 0 13.3 0 0 0 0 0 0 13.3 0 0 0 0 0 0 13.3 0 0 0 0 0 0 20.0 0 0 0 0 0 0 20.0 0 0 0 0 0 0 20.0 0 0 0 0 0 0 3956.77
